// Homunculus Experience Tables
10
22
36
52
70
12
19
26
34
43
63
86
110
136
164
216
271
329
391
456
561
672
788
909
1035
1230
1418
1620
1830
2047
2351
2666
2990
3324
3668
4129
4604
5091
5591
6104
6769
7450
8147
8861
9591
10511
11452
12413
13394
14395
15630
16889
18172
19480
20812
22425
24068
25739
27439
29168
31230
33327
35457
37621
39819
42407
45034
47700
50406
53151
56346
59587
62873
66204
69580
73472
77415
81409
85455
89552
94234
98975
103773
108629
113543
119116
124755
130458
136226
142059
148630
155273
161988
168776
175636
183316
191077
198918
0