// Monster Database
//
// Structure of Database :
// ID,Sprite_Name,kROName,iROName,LV,HP,SP,EXP,JEXP,Range1,ATK1,ATK2,DEF,MDEF,STR,AGI,VIT,INT,DEX,LUK,Range2,Range3,Scale,Race,Element,Mode,Speed,aDelay,aMotion,dMotion,MEXP,MVP1id,MVP1per,MVP2id,MVP2per,MVP3id,MVP3per,Drop1id,Drop1per,Drop2id,Drop2per,Drop3id,Drop3per,Drop4id,Drop4per,Drop5id,Drop5per,Drop6id,Drop6per,Drop7id,Drop7per,Drop8id,Drop8per,Drop9id,Drop9per,DropCardid,DropCardper
// Note: Keep the Sprite_Name field as it is in the game client.

//evento apollo
3068,PERE1,Ferre,Ferre,99999,2,1,3088,2392,1,930,1279,101,45,109,121,50,55,108,55,10,12,1,6,67,0x7,150,576,648,300,0,0,0,0,0,0,0,0,0,0,0,0,0,0,0,0,0,0,0,0,0,0,0,0,0,0,0


3069,PERE1,Ferre,Ferre,125,48430,1,3088,2392,1,930,1279,101,45,109,121,50,55,108,55,10,12,1,6,67,0x7,150,576,648,300,0,0,0,0,0,0,0,7004,2000,505,2000,993,1000,997,500,1934,200,0,0,0,0,0,0,0,0,0,0
3070,PERE2,Ferre,Ferre,126,40718,1,3088,2392,7,930,1279,101,45,109,121,50,55,108,55,10,12,1,6,67,0x37B5,150,576,648,300,0,0,0,0,0,0,0,7004,2000,504,2000,991,1000,995,500,1989,200,0,0,0,0,0,0,0,0,0,0
3071,PERE3,Ferre,Ferre,127,53290,1,3088,2392,1,930,1279,101,45,109,121,50,55,108,55,10,12,1,6,67,0x37B5,150,576,648,300,0,0,0,0,0,0,0,7004,2000,506,2000,992,1000,996,500,1934,200,0,0,0,0,0,0,0,0,0,0
3072,PERE4,Ferre,Ferre,125,48430,1,3088,2392,1,930,1279,101,45,109,121,50,55,108,55,10,12,1,6,67,0x37B5,150,576,648,300,0,0,0,0,0,0,0,7004,2000,505,2000,990,1000,994,500,1989,200,0,0,0,0,0,0,0,0,0,0
3073,GRAND_PERE,Awakened Ferre,Awakened Ferre,140,10000000,1,300000,300000,1,1540,2140,200,45,200,100,200,200,220,100,10,12,1,1,69,0x37B5,150,576,648,300,150000,616,5000,617,5000,617,5000,6719,9000,2990,100,2991,100,18122,10,18123,10,0,0,0,0,0,0,0,0,0,0
3108,JITTERBUG1,Jitterbug,Jitterbug,135,2614000,1,36804,21064,1,2892,4176,123,68,189,78,81,51,108,56,10,12,1,6,67,0x37B5,150,576,648,300,0,0,0,0,0,0,0,6719,5000,15100,1000,2989,1000,0,0,0,0,0,0,0,0,0,0,0,0,0,0
3109,JITTERBUG2,Jitterbug,Jitterbug,135,2614000,1,36804,21064,1,2892,4176,123,68,189,78,81,51,108,56,10,12,1,6,67,0x37B5,150,576,648,300,0,0,0,0,0,0,0,6719,5000,2988,1000,15101,1000,0,0,0,0,0,0,0,0,0,0,0,0,0,0

1023,PINGUICULA_D,Dark Pinguicula,Dark Pinguicula,83,8780,0,7740,5200,1,600,1450,15,5,1,23,22,12,89,2,10,12,1,3,45,0x308D,290,1426,600,360,0,0,0,0,0,0,0,7100,5000,7198,2000,7188,3000,972,10,6086,1000,0,0,0,0,0,0,0,0,0,0
1213,AQUA_ELEMENTAL,Aqua Elemental,Aqua Elemental,83,33220,0,5430,15300,1,400,1600,8,12,1,23,19,87,77,2,10,12,2,0,81,0x3095,230,504,960,576,0,0,0,0,0,0,0,6075,1000,7326,5000,12353,100,0,0,0,0,0,0,0,0,0,0,0,0,4443,1
1278,RATA,Rata,Rata,107,216600,0,70012,34000,1,8000,15000,32,52,1,51,22,132,99,15,10,12,1,7,62,0x3295,150,792,540,420,0,0,0,0,0,0,0,12346,5000,1026,5000,6089,500,1548,100,0,0,0,0,0,0,0,0,0,0,0,0
1106,DUNEYRR,Duneyrr,Duneyrr,107,265100,0,83030,52000,1,16000,19000,39,35,1,60,45,89,105,15,10,12,1,7,62,0x3295,200,672,420,360,0,0,0,0,0,0,0,515,5000,6020,4000,6089,500,2783,1,1188,10,1384,100,0,0,0,0,0,0,0,0
1189,ANCIENT_TREE,Ancient Tree,Ancient Tree,102,30030,0,11020,8900,1,13200,17400,39,43,1,30,73,58,45,30,10,12,2,3,62,0x308D,290,504,960,576,0,0,0,0,0,0,0,7197,1000,7198,1000,7201,5000,1643,10,2450,30,0,0,0,0,0,0,0,0,0,0
1627,RHYNCHO,Rhyncho,Rhyncho,85,18900,0,2040,6000,1,350,2300,5,19,1,56,12,35,89,10,10,12,1,0,61,0x308D,240,576,660,420,0,0,0,0,0,0,0,7326,5000,972,5,6087,500,0,0,0,0,0,0,0,0,0,0,0,0,0,0
1152,PHYLLA,Phylla,Phylla,85,23880,0,3040,6600,10,350,2550,8,22,1,59,15,25,99,10,10,12,1,0,61,0x2085,240,360,780,432,0,0,0,0,0,0,0,7326,5000,971,5,6088,500,0,0,0,0,0,0,0,0,0,0,0,0,0,0
1475,S_NYDHOG,Nidhoggr's Shadow,Nidhoggr's Shadow,117,3450000,0,4800000,3900000,2,17000,49000,60,75,1,34,62,236,188,34,10,12,2,9,87,0x6283695,150,1596,1620,864,2400000,617,5500,617,5000,616,2000,6091,5000,7444,5000,2610,5000,1484,500,1170,500,1417,500,2554,2000,0,0,0,0,0,0

1836,BONECO_TREINO,Boneco de Treino,Boneco de Treino,1,-1,0,1,1,1,1,1,1,1,100,100,100,100,100,100,10,12,1,0,20,0x6200000,300,1472,384,288,0,0,0,0,0,0,0,0,0,0,0,0,0,0,0,0,0,0,0,0,0,0,0,0,0,0,0

1188,BON_GUN,Tronco de Madeira,Tronco de Madeira,1,10,0,0,0,1,1,2,100,99,0,0,0,0,0,0,7,12,0,3,22,0x00000040,2000,1,1,1,0,0,0,0,0,0,0,0,0,0,0,0,0,0,0,0,0,0,0,0,0,0,0,0,0,0,0

1080,GREEN_PLANT,Erva Daninha,Erva Daninha,1,10,0,0,0,1,1,2,100,99,0,0,0,0,0,0,7,12,0,3,22,0x170000,2000,1,1,1,0,0,0,0,0,0,0,0,0,0,0,0,0,0,0,0,0,0,0,0,0,0,0,0,0,0,0

1051,BIKOUCHUU,Bikouchuu,Bikouchuu,1,10,0,0,0,1,20,24,5,0,24,6,24,24,45,36,10,12,0,4,20,0x281,150,1288,288,768,0,0,0,0,0,0,0,0,0,0,0,0,0,0,0,0,0,0,0,0,0,0,0,0,0,0,0

1079,Planta_de_Konoha,Planta de Konoha,Planta de Konoha,1,10,0,5,0,1,1,2,100,99,0,0,0,0,0,0,7,12,0,3,20,70713376,2000,1,1,1,10,0,0,0,0,0,0,748,10000,0,0,0,0,0,0,0,0,0,0,0,0,0,0,0,0,0,0
1078,Planta_da_Suna,Planta da Suna,Planta da Suna,1,10,0,5,0,1,1,2,100,99,0,0,0,0,0,0,7,12,0,3,20,70713376,2000,1,1,1,10,0,0,0,0,0,0,749,10000,0,0,0,0,0,0,0,0,0,0,0,0,0,0,0,0,0,0
1083,Planta_da_Névoa,Planta da Névoa,Planta da Névoa,1,10,0,5,0,1,1,2,100,99,0,0,0,0,0,90,7,12,0,3,20,70713376,2000,1,1,1,10,0,0,0,0,0,0,750,10000,0,0,0,0,0,0,0,0,0,0,0,0,0,0,0,0,0,0
1081,Planta_da_Nuvem,Planta da Nuvem,Planta da Nuvem,1,10,0,5,0,1,1,2,100,99,0,0,0,0,0,0,7,12,0,3,20,70713376,2000,1,1,1,10,0,0,0,0,0,0,751,10000,0,0,0,0,0,0,0,0,0,0,0,0,0,0,0,0,0,0

1082,Planta_Medicinal,Planta Medicinal,Planta Medicinal,1,10,0,0,0,1,1,2,100,99,0,0,0,0,0,0,7,12,0,3,22,0x00000040,2000,1,1,1,0,0,0,0,0,0,0,752,10000,0,0,0,0,0,0,0,0,0,0,0,0,0,0,0,0,0,0

// ---------------------- MVP's ----------------------
2476,MG_AMDARAIS,Amdarias,Amdarias,999,12000000,1,0,0,3,31000,32000,50,35,700,200,100,700,800,100,10,12,2,1,80,0x6283695,120,312,356,432,1000,0,0,0,0,0,0,0,0,0,0,0,0,0,0,0,0,0,0,0,0,900,300,5257,30,0,0
3097,MM_MOROCC_ADT,Despair God Morroc,Despair God Morroc,999,1283990,1,0,0,2,1060,2022,32,66,140,99,30,109,100,90,10,12,2,2,63,0x6283695,200,1152,1152,576,1000,0,0,0,0,0,753,25,0,0,0,0,0,0,0,0,0,0,0,0,0,0,0,0,0,0,0
2996,XM_CELINE_KIMI,Celine Kimi,Celine Kimi,999,66666666,1,0,0,2,5636,8303,479,444,144,166,44,444,166,166,10,12,2,1,28,0x6283695,100,768,1056,480,1000,0,0,0,0,0,0,753,25,0,0,0,0,0,0,0,0,0,0,0,0,0,0,0,0,0,0
1708,THANATOS,Thanatos,Thanatos Phantom,999,1445660,1,0,0,3,3812,5483,364,35,100,129,30,86,206,32,10,12,2,6,88,0x6283695,120,115,816,504,1000,0,0,0,0,0,0,753,25,0,0,0,0,0,0,0,0,0,0,0,0,0,0,0,0,0,0
2446,EZELLA,Ezella,Ezella,999,270000,1,0,0,1,666,895,68,13,108,113,60,72,148,37,10,12,1,7,64,0x6283695,160,432,400,288,1000,0,0,0,0,0,0,753,25,0,0,0,0,0,0,0,0,0,0,0,0,0,0,0,0,0,0
2362,N_AMON_RA,Nightmare Amon Ra,Amon Ra (Nightmare),999,2515784,1,0,0,3,4106,7307,367,301,86,89,120,131,101,92,14,12,2,7,62,0x6280084,170,854,2016,480,1000,0,0,0,0,0,0,753,25,0,0,0,0,0,0,0,0,0,0,0,0,0,0,0,0,0,0
2447,LUNE,Mamãe Noel,Mamãe Noel,999,30000000,0,100000,800,1,50000,60000,55,60,1000,250,400,1000,400,400,10,12,1,5,20,0x6203695,200,500,1500,384,10,0,0,0,0,0,0,0,0,0,0,0,0,0,0,900,300,31157,50,31160,50,0,0,0,0,0,0

// MVPs Rank A
2202,KRAKEN,Kraken,Kraken,999,12000000,1,0,0,3,32000,32000,55,35,800,200,100,900,900,100,10,12,2,5,80,0x6283695,150,357,357,576,1000,0,0,0,0,0,0,0,0,0,0,0,0,0,0,0,0,0,0,0,0,900,300,5249,30,0,0
2068,BOITATA,Boitata,Boitata,999,12000000,1,0,0,3,31000,32000,50,35,700,200,100,700,800,100,10,12,2,1,80,0x6283695,120,312,356,432,1000,0,0,0,0,0,0,0,0,0,0,0,0,0,0,0,0,0,0,1316,10000,900,300,5257,30,0,0

// MVPs Rank B
1734,KIEL_,Kiel D-01,Kiel D-01,800,8500000,1,0,0,3,31000,32000,50,35,600,200,100,600,800,150,10,12,1,0,40,0x6283695,130,1152,576,432,1000,0,0,0,0,0,0,0,0,0,0,0,0,0,0,0,0,0,0,0,0,900,300,5018,30,0,0
3096,MM_MOROCC_KID,Kidd,Kidd,800,8500000,1,0,0,3,30000,32000,50,35,600,200,100,600,800,100,10,12,2,2,60,0x6283695,150,376,376,576,1000,0,0,0,0,0,0,0,0,0,0,0,0,0,0,0,0,0,0,0,0,900,300,5020,30,0,0

// ----------------------- Guerra Ninja -----------------------
1288,EMPELIUM,Emperium,Emperium,999,150000,0,0,0,1,0,0,0,0,1,17,1,80,126,20,10,12,2,0,89,70713376,300,1288,288,384,0,0,0,0,0,0,0,0,0,0,0,0,0,0,0,0,0,0,0,0,0,0,0,0,0,0,0

1943,TREASURE_BOX46,Treasure Chest,Treasure Chest,999,0,0,0,0,0,0,0,0,0,0,0,0,0,999,0,0,0,0,0,20,0x6200000,0,0,0,0,0,0,0,0,0,0,0,7017,3000,0,0,0,0,0,0,0,0,0,0,0,0,0,0,0,0,0,0
1944,TREASURE_BOX1,Treasure Chest,Treasure Chest,999,0,0,0,0,0,0,0,0,0,0,0,0,0,999,0,0,0,0,0,20,0x6200000,0,0,0,0,0,0,0,0,0,0,0,7018,3000,0,0,0,0,0,0,0,0,0,0,0,0,0,0,0,0,0,0

1899,SWORD_GUARDIAN_,Sword Guardian,Sword Guardian,86,500000,0,0,0,2,7590,9140,60,33,110,40,54,65,125,65,14,16,2,0,80,0x4202085,170,140,384,288,0,0,0,0,0,0,0,0,0,0,0,0,0,0,0,0,0,0,0,0,0,0,0,0,0,0,0
1905,BARRICADE,Barricade,Barricade,999,300,0,0,0,1,0,0,0,0,1,17,1,80,126,20,10,12,2,0,89,70713376,300,1288,288,384,0,0,0,0,0,0,0,0,0,0,0,0,0,0,0,0,0,0,0,0,0,0,0,0,0,0,0
1906,BARRICADE_,Barricade,Barricade,999,300,0,0,0,1,0,0,0,0,1,17,1,80,126,20,10,12,2,0,89,70713376,300,1288,288,384,0,0,0,0,0,0,0,0,0,0,0,0,0,0,0,0,0,0,0,0,0,0,0,0,0,0,0

1907,S_EMPEL_1,Guardian Stone,Guardian Stone,999,450,0,0,0,1,0,0,0,0,1,17,1,80,126,20,10,12,2,0,89,70713376,300,1288,288,384,0,0,0,0,0,0,0,0,0,0,0,0,0,0,0,0,0,0,0,0,0,0,0,0,0,0,0
1908,S_EMPEL_2,Guardian Stone,Guardian Stone,999,450,0,0,0,1,0,0,0,0,1,17,1,80,126,20,10,12,2,0,89,70713376,300,1288,288,384,0,0,0,0,0,0,0,0,0,0,0,0,0,0,0,0,0,0,0,0,0,0,0,0,0,0,0

// ----------------------- Mini World Boss -----------------------
1305,Haku,Haku,Haku,999,200000000,1,100000,500,2,60000,60000,50,50,700,200,50,1000,600,200,12,12,2,7,80,0x6203695,150,523,360,360,2500,0,0,0,0,0,0,753,500,7017,5000,3056,2500,0,0,0,0,0,0,0,0,0,0,0,0,0,0

// ----------------------- Fild Konoha -----------------------

// pay_fild07 Rank E
1007,Lagarta,Lagarta,Lagarta,10,100,0,100,5,1,50,100,0,10,50,30,20,50,50,1,10,12,0,2,20,0x281,200,500,1500,500,0,0,0,0,0,0,0,543,10000,569,10000,0,0,0,0,0,0,0,0,0,0,0,0,0,0,0,0
1167,SAVAGE_BABE,Filhote de Javali,Filhote de Javali,10,100,0,110,5,1,50,100,0,10,50,30,20,50,50,1,10,12,0,2,20,0x281,200,500,1500,500,0,0,0,0,0,0,0,547,10000,507,10000,1202,1000,0,0,0,0,0,0,0,0,0,0,0,0,0,0
1591,A_LUNATIC,Filhote de Coelho,Filhote de Coelho,10,100,0,120,5,1,50,100,0,10,50,30,20,50,50,1,10,12,0,2,20,0x281,200,500,1500,500,0,0,0,0,0,0,0,506,10000,518,10000,2101,1000,0,0,0,0,0,0,0,0,0,0,0,0,0,0
1010,ARVORE_MORTA,Árvore Morta,Árvore Morta,10,100,0,130,5,1,50,100,0,10,50,30,20,50,50,1,10,12,0,2,20,0x281,200,500,1500,768,0,0,0,0,0,0,0,532,10000,597,10000,3028,1000,0,0,0,0,0,0,0,0,0,0,0,0,0,0

// mjolnir_08 Rank E
1166,SAVAGE,Javali,Javali,100,2000,0,2000,10,1,800,1000,10,20,50,30,50,50,50,1,10,12,1,4,20,0x281,200,500,1500,768,0,0,0,0,0,0,0,600,10000,635,5000,3022,1000,0,0,0,0,0,0,0,0,0,0,0,0,0,0
1056,SMOKIE,Guaxinim,Guaxinim,130,4000,0,2200,10,1,900,1100,10,20,50,30,50,50,50,1,10,12,1,2,20,0x281,200,500,1500,768,0,0,0,0,0,0,0,565,10000,622,1000,3016,1000,0,0,0,0,0,0,0,0,0,0,0,0,0,0
1586,LEAF_CAT,Gato do Mato,Gato do Mato,160,6000,0,2400,10,1,1000,1200,10,20,50,30,50,50,50,1,10,12,1,4,20,0x281,200,500,1500,768,0,0,0,0,0,0,0,689,5000,698,5000,709,1000,710,1000,3010,1000,0,0,0,0,0,0,0,0,0,0
// Mini-Boss
1861,E_CHOCO,Macaco,Macaco,200,900000,0,20000,50,1,2000,3000,40,60,800,30,120,800,250,400,10,12,1,2,20,0x6203695,200,500,1500,768,0,0,0,0,0,0,0,505,10000,642,10000,562,10000,5000,30,0,0,0,0,0,0,0,0,0,0,0,0

// mjolnir_01 Rank D
1018,CREAMY,Borboleta,Borboleta,200,10000,0,5000,20,1,2000,3000,18,28,250,100,50,200,200,5,10,12,1,4,20,0x281,200,500,1500,864,0,0,0,0,0,0,0,550,10000,512,10000,521,7000,3005,800,0,0,0,0,0,0,0,0,0,0,0,0
1100,ARGOS,Argos,Argos,230,12000,0,5200,25,1,3000,4000,18,28,250,100,50,200,200,5,10,12,1,2,20,0x281,200,500,1500,864,0,0,0,0,0,0,0,598,5000,610,10000,540,10000,0,0,0,0,0,0,0,0,0,0,0,0,0,0
1118,FLORA,Planta Carnívora,Planta Carnívora,250,14000,0,5400,30,9,3500,4500,18,28,250,100,50,200,200,5,10,12,1,4,20,0x84,200,500,1500,864,0,0,0,0,0,0,0,604,10000,624,100,535,10000,0,0,0,0,0,0,0,0,0,0,0,0,0,0
1747,G_SNAKE,Serpente,Serpente,280,16000,0,5600,35,1,4000,5000,18,28,250,100,50,200,200,5,10,12,1,2,20,0x281,200,500,1500,864,0,0,0,0,0,0,0,552,10000,557,10000,556,5000,573,5000,3000,800,0,0,0,0,0,0,0,0,0,0

// mjolnir_10 Rank D
1139,MANTIS,Mantis,Mantis,310,20000,0,8000,40,1,5000,6000,20,30,250,100,50,200,100,10,10,12,1,4,20,0x285,200,500,1500,864,0,0,0,0,0,0,0,603,10000,585,10000,3023,800,0,0,0,0,0,0,0,0,0,0,0,0,0,0
1261,WILD_ROSE,Gato Selvagem,Gato Selvagem,340,25000,0,8200,45,1,6000,7000,20,30,250,100,50,200,100,10,10,12,1,2,20,0x281,200,500,1500,864,0,0,0,0,0,0,0,547,10000,530,10000,650,10000,3017,800,0,0,0,0,0,0,0,0,0,0,0,0
1303,GIANT_HONET,Zangão,Zangão,360,30000,0,8400,50,1,6500,7500,20,30,250,100,50,200,100,10,10,12,1,3,20,0x281,200,500,1500,864,0,0,0,0,0,0,0,508,10000,509,10000,559,10000,3011,800,0,0,0,0,0,0,0,0,0,0,0,0
2073,TOUCAN,Tucano,Tucano,380,35000,0,8600,55,1,7000,8000,20,30,250,100,50,200,100,10,10,12,1,2,20,0x285,200,500,1500,864,0,0,0,0,0,0,0,545,10000,544,10000,3029,800,0,0,0,0,0,0,0,0,0,0,0,0,0,0
// Mini-Boss
1294,KILLER_MANTIS,Mantis Assassino,Mantis Assassino,400,2500000,0,90000,90,1,12000,15000,40,60,800,100,210,800,250,400,10,12,1,2,20,0x6203695,200,500,1500,864,0,0,0,0,0,0,0,603,10000,563,10000,524,5000,626,1000,0,0,0,0,0,0,0,0,0,0,0,0

// mjolnir_05 Rank C
1216,PENOMENA,Planta Venenosa,Planta Venenosa,400,120000,0,10000,70,9,12000,15000,25,32,300,100,100,300,200,20,10,12,1,3,20,0x84,200,500,1500,500,0,0,0,0,0,0,0,580,10000,558,10000,0,0,0,0,0,0,0,0,0,0,0,0,1305,10000,0,0
1687,GREEN_IGUANA,Grove,Grove,450,130000,0,12000,75,1,13000,16000,25,32,300,100,100,300,200,20,10,12,1,3,20,0x281,200,500,1500,500,0,0,0,0,0,0,0,533,10000,722,10000,3001,600,0,0,0,0,0,0,0,0,0,0,1305,10000,0,0
1387,GIG,Escorpião,Escorpião,500,140000,0,13000,80,1,14000,17000,25,32,300,100,100,300,200,20,10,12,1,9,20,0x281,200,500,1500,500,0,0,0,0,0,0,0,611,10000,534,10000,563,10000,0,0,0,0,0,0,0,0,0,0,1305,10000,0,0
1024,WORM_TAIL,Rabo de Verme,Rabo de Verme,550,150000,0,15000,85,1,15000,18000,25,32,300,100,100,300,200,20,10,12,1,4,20,0x285,200,500,1500,500,0,0,0,0,0,0,0,536,10000,643,10000,585,10000,0,0,0,0,0,0,0,0,0,0,1305,10000,0,0

// gef_fild02 Rank C
1622,TEDDY_BEAR,Urso Filhote,Urso Filhote,400,120000,0,10000,70,1,12000,15000,25,32,300,100,100,300,200,20,10,12,1,3,20,0x285,200,500,1500,500,0,0,0,0,0,0,0,508,10000,568,10000,547,10000,0,0,0,0,0,0,0,0,0,0,0,0,0,0
1603,G_BIGFOOT,Urso,Urso,500,140000,0,13000,80,1,14000,17000,25,32,300,100,100,300,200,20,10,12,1,9,20,0x281,200,500,1500,500,0,0,0,0,0,0,0,568,10000,547,10000,0,0,0,0,0,0,0,0,0,0,0,0,0,0,0,0
1099,ARGIOPE,Centopéia Vermelha,Centopéia Vermelha,550,150000,0,15000,85,1,15000,18000,25,32,300,100,100,300,200,20,10,12,1,4,20,0x1485,200,500,1500,500,0,0,0,0,0,0,0,610,10000,541,10000,555,10000,3006,600,0,0,0,0,0,0,0,0,0,0,0,0

// cmd_fild01 Rank C
1243,SASQUATCH,Urso Albino,Urso Albino,500,140000,0,10000,70,1,14000,17000,25,32,300,100,100,300,200,20,10,12,1,9,20,0x281,200,500,1500,500,0,0,0,0,0,0,0,568,10000,547,10000,569,10000,0,0,0,0,0,0,0,0,0,0,1304,10000,0,0
1417,ZIPPER_BEAR,Urso Pardo,Urso Pardo,500,140000,0,13000,75,1,14000,17000,25,32,300,100,100,300,200,20,10,12,1,9,20,0x285,200,500,1500,500,0,0,0,0,0,0,0,568,10000,676,10000,680,10000,3024,600,0,0,0,0,0,0,0,0,1304,10000,0,0
1232,Grizlly,Urso Vermelho,Urso Vermelho,550,150000,0,15000,80,1,15000,18000,25,32,300,100,100,300,200,20,10,12,1,4,20,0x285,200,500,1500,500,0,0,0,0,0,0,0,568,10000,547,10000,508,10000,0,0,0,0,0,0,0,0,0,0,1304,10000,0,0
//Mini-Boss
1306,LEIB_OLMAI,Urso Raivoso,Urso Raivoso,600,3000000,0,50000,130,1,30000,35000,40,60,800,100,300,800,300,400,10,12,1,4,20,0x6203695,200,500,1500,500,0,0,0,0,0,0,0,507,10000,568,10000,547,10000,5001,30,754,2000,0,0,0,0,0,0,1304,10000,0,0

// gef_fild03 Rank B
1215,STEM_WORM,Talo de Verme,Talo de Verme,600,300000,0,17000,100,1,20000,25000,30,40,300,150,300,300,200,30,10,12,1,2,20,0x3085,200,500,1500,384,0,0,0,0,0,0,0,536,10000,643,10000,585,10000,3025,200,0,0,0,0,0,0,0,0,0,0,0,0
1866,HELL_POODLE,Cão Demónio,Cão Demónio,680,325000,0,18000,120,1,23000,28000,30,40,300,150,300,300,200,30,10,12,1,1,20,0x3085,200,500,1500,384,0,0,0,0,0,0,0,547,10000,554,10000,515,5000,577,10000,3007,200,0,0,0,0,0,0,0,0,0,0
2015,PINGUICULA_D,Flor Tóxica,Flor Tóxica,720,350000,0,19000,140,5,25000,30000,30,40,300,150,300,300,200,30,10,12,1,3,20,0x3085,200,500,1500,384,0,0,0,0,0,0,0,684,10000,630,10000,689,10000,3002,200,0,0,0,0,0,0,0,0,0,0,0,0

// gef_fild10 Rank B
1405,TENGU,Tengu,Tengu,600,300000,0,20000,100,1,20000,17000,30,40,300,150,300,300,200,30,10,12,1,2,20,0x281,200,500,1500,384,0,0,0,0,0,0,0,675,10000,674,10000,0,0,0,0,0,0,0,0,0,0,0,0,0,0,0,0
1014,SPORE,Esporo,Esporo,680,325000,0,20000,120,1,23000,18000,30,40,300,150,300,300,200,30,10,12,1,1,20,0x285,200,500,1500,384,0,0,0,0,0,0,0,549,10000,646,10000,528,5000,0,0,0,0,0,0,0,0,0,0,0,0,0,0
1077,POISON_SPORE,Esporo Venenoso,Esporo Venenoso,720,350000,0,17000,140,5,25000,30000,30,40,300,150,300,300,200,30,10,12,1,3,20,0x285,200,500,1500,384,0,0,0,0,0,0,0,549,10000,646,10000,0,0,0,0,0,0,0,0,0,0,0,0,0,0,0,0

// mjolnir_11 Rank B
1495,STONE_SHOOTER,Árvore Assassina,Árvore Assassina,600,300000,0,17000,100,1,20000,25000,30,40,300,150,300,300,200,30,10,12,1,2,20,0x281,200,500,1500,384,0,0,0,0,0,0,0,692,10000,691,10000,597,10000,0,0,0,0,0,0,0,0,0,0,0,0,0,0
1499,WOOTAN_FIGHTER,Gorila,Gorila,680,325000,0,18000,120,1,23000,28000,30,40,300,150,300,300,200,30,10,12,1,1,20,0x285,200,500,1500,384,0,0,0,0,0,0,0,687,10000,507,10000,689,10000,0,0,0,0,0,0,0,0,0,0,0,0,0,0
1498,WOOTAN_SHOOTER,Orangotango,Orangotango,720,350000,0,19000,140,5,25000,30000,30,40,300,150,300,300,200,30,10,12,1,3,20,0x281,200,500,1500,384,0,0,0,0,0,0,0,686,10000,507,10000,690,10000,649,10000,0,0,0,0,0,0,0,0,0,0,0,0
1773,HODREMLIN,Demônio Farejador,Demônio Farejador,720,350000,0,18000,140,5,25000,30000,30,40,300,150,300,300,200,30,10,12,1,3,20,0x285,200,500,1500,384,0,0,0,0,0,0,0,706,10000,558,10000,712,3000,0,0,0,0,0,0,0,0,0,0,0,0,0,0
//Boss
1991,TENDRILRION,Espírito da Floresta,Espírito da Floresta,800,8500000,0,50000,300,1,40000,60000,55,60,1000,300,300,1000,300,400,10,12,1,3,20,0x6203695,200,500,1500,384,0,0,0,0,0,0,0,629,10000,688,10000,729,5000,900,300,1308,10000,0,0,0,0,0,0,0,0,0,0

// um_fild03 Rank B
1415,BABY_LEOPARD,Leopardo Filhote,Leopardo Filhote,600,300000,0,16000,100,1,20000,25000,30,40,300,150,300,300,250,30,10,12,1,2,20,0x281,200,500,1500,500,0,0,0,0,0,0,0,682,10000,683,10000,507,10000,0,0,0,0,0,0,0,0,0,0,0,0,0,0
2072,JAGUAR,Leopardo,Leopardo,680,325000,0,17000,120,1,23000,28000,30,40,300,150,300,300,250,30,10,12,1,1,20,0x281,200,500,1500,500,0,0,0,0,0,0,0,682,10000,683,10000,507,10000,547,10000,0,0,0,0,0,0,0,0,0,0,0,0
1517,LI_ME_MANG_RYANG,Onça,Onça,720,350000,0,18000,140,5,25000,30000,30,40,300,150,300,300,250,30,10,12,1,3,20,0x285,200,500,1500,500,0,0,0,0,0,0,0,547,10000,694,10000,695,10000,0,0,0,0,0,0,0,0,0,0,0,0,0,0
//
1115,EDDGA,Tigre,Tigre,800,8500000,0,50000,300,5,25000,30000,55,60,300,200,300,300,200,20,10,12,1,3,20,0x6283695,500,500,1500,500,10,0,0,0,0,0,0,602,10000,601,3000,5013,30,900,300,0,0,0,0,0,0,0,0,0,0,0,0

// moc_fild03 Rank A
1497,WOODEN_GOLEM,Golem de Madeira,Golem de Madeira,800,450000,0,21000,200,1,40000,50000,40,50,300,200,150,300,300,50,10,12,1,6,20,0x281,200,500,1500,384,0,0,0,0,0,0,0,685,10000,691,10000,620,3000,537,5000,0,0,0,0,0,0,0,0,1318,10000,0,0
1042,STEEL_CHONCHON,Varejeira,Varejeira,875,480000,0,21000,250,1,42000,52000,40,50,300,200,150,300,300,50,10,12,1,2,20,0x285,200,500,1500,384,0,0,0,0,0,0,0,511,10000,555,10000,574,10000,0,0,0,0,0,0,0,0,0,0,1318,10000,0,0
1022,WEREWOLF,Lobo,Lobo,950,500000,0,22000,300,1,46000,56000,40,50,300,200,150,300,300,50,10,12,1,2,20,0x285,200,500,1500,384,0,0,0,0,0,0,0,636,3000,547,10000,548,10000,3003,50,0,0,0,0,0,0,0,0,1318,10000,0,0
//Boss
1092,VAGABOND_WOLF,Líder da Matilha,Líder da Matilha,999,12000000,0,100000,800,1,50000,60000,55,60,1000,250,400,1000,400,400,10,12,1,5,20,0x6203695,200,500,1500,384,10,0,0,0,0,0,0,636,10000,547,10000,548,10000,5002,30,900,300,1312,10000,0,0,0,0,1318,10000,0,0




// ----------------------- Fild Suna -----------------------

// moc_fild12 RANK E
1097,ANT_EGG,Ovo de Formiga,Ovo de Formiga,10,100,0,0,0,1,50,100,0,10,50,30,20,50,50,1,10,12,0,2,20,0x40,200,500,1500,500,0,0,0,0,0,0,0,558,10000,555,10000,0,0,0,0,0,0,0,0,0,0,0,0,0,0,0,0
1240,META_PICKY,Ave do Deserto Bebe,Ave do Deserto Bebe,10,100,0,110,5,1,50,100,0,10,50,30,20,50,50,1,10,12,0,2,20,0x281,200,500,1500,500,0,0,0,0,0,0,0,544,10000,569,10000,1202,1000,0,0,0,0,0,0,0,0,0,0,0,0,0,0
1009,CONDOR,Condor,Condor,10,100,0,120,5,1,50,100,0,10,50,30,20,50,50,1,10,12,0,2,20,0x281,200,500,1500,500,0,0,0,0,0,0,0,544,10000,545,10000,507,10000,2101,1000,0,0,0,0,0,0,0,0,0,0,0,0
1107,DESERT_WOLF_B,Lobo do Deserto Bebe,Lobo do Deserto Bebe,10,100,0,130,5,1,50,100,0,10,50,30,20,50,50,1,10,12,0,2,20,0x281,200,500,1500,500,0,0,0,0,0,0,0,507,10000,644,3000,547,10000,3028,1000,0,0,0,0,0,0,0,0,0,0,0,0

// moc_fild09 RANK E
2061,E_STAPO,Pedra Viva,Pedra Viva,100,2000,0,2000,10,1,800,1000,10,20,50,30,20,50,50,1,10,12,1,4,20,0x281,200,500,1500,768,0,0,0,0,0,0,0,649,10000,655,10000,3010,1000,0,0,0,0,0,0,0,0,0,0,0,0,0,0
1019,PECOPECO,Ave do Deserto,Ave do Deserto,130,4000,0,2200,10,1,900,1100,10,20,50,30,20,50,50,1,10,12,1,2,20,0x281,200,500,1500,768,0,0,0,0,0,0,0,551,10000,544,10000,545,10000,0,0,0,0,0,0,0,0,0,0,0,0,0,0
1627,ANOPHELES,Bactéria,Bactéria,160,6000,0,2400,10,1,1000,1200,10,20,50,30,20,50,50,1,10,12,1,4,20,0x281,200,500,1500,768,0,0,0,0,0,0,0,666,10000,3016,1000,0,0,0,0,0,0,0,0,0,0,0,0,0,0,0,0
1114,DUSTINESS,Traça,Traça,160,8000,0,2600,10,1,1100,1300,10,20,50,30,20,50,50,1,10,12,1,4,20,0x281,200,500,1500,768,0,0,0,0,0,0,0,553,10000,618,10000,617,10000,3022,1000,0,0,0,0,0,0,0,0,0,0,0,0
//Mini-Boss
1259,GRYPHON,Grifo,Grifo,200,900000,0,20000,50,1,2000,3000,40,60,800,30,120,800,250,400,10,12,1,2,20,0x6203695,200,500,1500,768,0,0,0,0,0,0,0,648,5000,652,5000,651,10000,5003,30,754,2000,0,0,0,0,0,0,0,0,0,0

// moc_fild05 RANK D
1030,ANACONDAQ,Víbora do Deserto,Víbora do Deserto,200,10000,0,5000,20,1,2000,3000,18,28,250,100,50,200,100,5,10,12,1,4,20,0x281,200,500,1500,864,0,0,0,0,0,0,0,552,10000,556,10000,557,10000,3000,800,0,0,0,0,0,0,0,0,0,0,0,0
1559,G_SCORPION,Escorpião Marrom,Escorpião Marrom,230,12000,0,5200,25,1,3000,4000,18,28,250,100,50,200,100,5,10,12,1,2,20,0x281,200,500,1500,864,0,0,0,0,0,0,0,563,10000,534,10000,623,10000,3005,800,0,0,0,0,0,0,0,0,0,0,0,0
1119,FRILLDORA,Lagarto,Lagarto,250,14000,0,5400,30,1,3500,4500,18,28,250,100,50,200,100,5,10,12,1,4,20,0x281,200,500,1500,432,0,0,0,0,0,0,0,533,10000,590,10000,0,0,0,0,0,0,0,0,0,0,0,0,0,0,0,0
1368,GEOGRAPHER,Planta do Deserto,Planta do Deserto,280,16000,0,5600,35,9,4000,5000,18,28,250,100,50,200,100,5,10,12,1,2,20,0x84,200,500,1500,864,0,0,0,0,0,0,0,604,10000,605,10000,0,0,0,0,0,0,0,0,0,0,0,0,0,0,0,0

// moc_fild04 RANK D
1058,METALLER,Grilo,Grilo,310,20000,0,8000,40,1,5000,6000,20,30,250,100,50,200,100,10,10,12,1,4,20,0x281,200,500,1500,864,0,0,0,0,0,0,0,560,10000,555,10000,3023,800,0,0,0,0,0,0,0,0,0,0,0,0,0,0
1369,GRAND_PECO,Grande Ave do Deserto,Grande Ave do Deserto,340,25000,0,8200,45,1,6000,7000,20,30,250,100,50,200,100,10,10,12,1,2,20,0x285,200,500,1500,864,0,0,0,0,0,0,0,659,10000,551,10000,545,10000,3017,800,0,0,0,0,0,0,0,0,0,0,0,0
1127,HODE,Verme Sorrateiro,Verme Sorrateiro,360,30000,0,8400,50,1,6500,7500,20,30,250,100,50,200,100,10,10,12,1,3,20,0x281,200,500,1500,864,0,0,0,0,0,0,0,615,10000,558,10000,3011,800,0,0,0,0,0,0,0,0,0,0,0,0,0,0
1794,G_ROWEEN,Hiena,Hiena,380,35000,0,8600,55,1,7000,8000,20,30,250,100,50,200,100,10,10,12,1,2,20,0x285,200,500,1500,864,0,0,0,0,0,0,0,713,10000,547,10000,3029,800,0,0,0,0,0,0,0,0,0,0,0,0,0,0
//Mini-Boss
1791,G_GALION,Hiena Demoníaca,Hiena Demoníaca,400,2500000,0,90000,90,1,12000,15000,40,60,800,100,210,800,250,400,10,12,1,2,20,0x620108B,200,500,1500,864,0,0,0,0,0,0,0,713,10000,547,10000,5004,30,754,2000,0,0,0,0,0,0,0,0,0,0,0,0

// moc_fild01 RANK C
1692,BREEZE,Furacão,Furacão,400,120000,0,10000,70,1,12000,15000,25,32,300,100,100,300,200,20,10,12,1,3,20,0x285,200,500,1500,500,0,0,0,0,0,0,0,3006,600,0,0,0,0,0,0,0,0,0,0,0,0,0,0,1301,10000,0,0
1106,DESERT_WOLF,Lobo do Deserto,Lobo do Deserto,450,130000,0,12000,74,1,13000,16000,25,32,300,100,100,300,200,20,10,12,1,3,20,0x281,200,500,1500,500,0,0,0,0,0,0,0,644,10000,636,3000,547,10000,3001,600,0,0,0,0,0,0,0,0,1301,10000,0,0
1256,PEST,Parasita,Parasita,500,140000,0,13000,78,1,14000,17000,25,32,300,100,100,300,200,20,10,12,1,9,20,0x281,200,500,1500,500,0,0,0,0,0,0,0,615,10000,517,10000,0,0,0,0,0,0,0,0,0,0,0,0,1301,10000,0,0
1055,MUKA,Cacto,Cacto,550,150000,0,15000,80,1,15000,18000,25,32,300,100,100,300,200,20,10,12,1,4,20,0x285,200,500,1500,500,0,0,0,0,0,0,0,571,10000,558,10000,3030,600,0,0,0,0,0,0,0,0,0,0,1301,10000,0,0

// moc_fild13 RANK B
1715,NOVUS,Dragão do Deserto,Dragão do Deserto,600,300000,0,16000,100,1,20000,25000,30,40,300,150,300,300,250,30,10,12,1,2,20,0x285,200,500,1500,500,0,0,0,0,0,0,0,607,10000,3031,200,0,0,0,0,0,0,0,0,0,0,0,0,0,0,0,0
1165,SAND_MAN,Areia Movediça,Areia Movediça,680,325000,0,17000,120,1,23000,28000,30,40,300,150,300,300,250,30,10,12,1,1,20,0x285,200,500,1500,500,0,0,0,0,0,0,0,616,10000,647,10000,585,10000,3007,200,0,0,0,0,0,0,0,0,0,0,0,0
1378,DEMON_PUNGUS,Praga,Praga,720,350000,0,18000,140,5,25000,30000,30,40,300,150,300,300,250,30,10,12,1,3,20,0x281,200,500,1500,500,0,0,0,0,0,0,0,666,10000,723,10000,0,0,0,0,0,0,0,0,0,0,0,0,0,0,0,0
1110,DOKEBI,Dokebi,Dokebi,720,350000,0,17000,160,5,25000,30000,30,40,300,150,300,300,250,30,10,12,1,3,20,0x281,200,500,1500,500,0,0,0,0,0,0,0,588,3000,3002,200,0,0,0,0,0,0,0,0,0,0,0,0,0,0,0,0
//Boss
1840,GOLDEN_SAVAGE,Javali dourado,Javali dourado,800,8500000,0,50000,300,1,40000,60000,55,60,1000,300,300,1000,300,300,10,12,1,3,20,0x6283695,200,500,1500,384,10,0,0,0,0,0,0,600,10000,582,3000,5005,30,900,300,1319,10000,0,0,0,0,0,0,0,0,0,0

// moc_fild02 RANK A
1035,HUNTER_FLY,Mosca Caçadora,Mosca Caçadora,800,450000,0,21000,200,1,40000,50000,40,50,300,200,150,300,300,50,10,12,1,6,20,0x285,200,500,1500,384,0,0,0,0,0,0,0,511,10000,555,10000,3032,50,0,0,0,0,0,0,0,0,0,0,0,0,0,0
1040,GOLEM,Golem,Golem,875,460000,0,22000,245,1,42000,52000,40,50,300,200,150,300,300,50,10,12,1,2,20,0x281,200,500,1500,384,0,0,0,0,0,0,0,572,10000,655,10000,0,0,0,0,0,0,0,0,0,0,0,0,0,0,0,0
1376,HARPY,Harpia,Harpia,950,500000,0,21500,300,1,46000,56000,40,50,300,200,150,300,300,50,10,12,1,2,20,0x285,200,500,1500,384,0,0,0,0,0,0,0,664,3000,665,10000,3008,50,0,0,0,0,0,0,0,0,0,0,0,0,0,0
//Boss
1159,PHREEONI,Demônio do Deserto,Demônio do Deserto,999,12000000,0,50000,800,3,50000,60000,75,80,1000,300,400,1000,400,300,10,12,1,5,20,0x6283695,200,500,1500,500,10,0,0,0,0,0,0,593,10000,592,10000,900,300,0,0,0,0,0,0,0,0,0,0,0,0,0,0

// ----------------------- Fild Nevoa -----------------------

// prt_fild03 RANK E
1183,CHONCHON_,Mosca,Mosca,10,100,0,100,5,1,50,100,0,10,50,30,20,50,50,1,10,12,0,2,20,0x281,200,500,1500,500,0,0,0,0,0,0,0,555,10000,511,10000,0,0,0,0,0,0,0,0,0,0,0,0,0,0,0,0
1860,E_COCO,Esquilo,Esquilo,10,100,0,110,5,1,50,100,0,10,50,30,20,50,50,1,10,12,0,2,20,0x281,200,500,1500,500,0,0,0,0,0,0,0,547,10000,543,10000,599,10000,3028,1000,0,0,0,0,0,0,0,0,0,0,0,0
1012,RODA_FROG,Sapo,Sapo,10,100,0,120,5,1,50,100,0,10,50,30,20,50,50,1,10,12,0,2,20,0x281,200,500,1500,500,0,0,0,0,0,0,0,546,10000,538,10000,2101,1000,0,0,0,0,0,0,0,0,0,0,0,0,0,0
1052,ROCKER,Gafanhoto,Gafanhoto,10,100,0,130,5,1,50,100,0,10,50,30,20,50,50,1,10,12,0,2,20,0x281,200,500,1500,500,0,0,0,0,0,0,0,560,10000,626,100,1202,1000,0,0,0,0,0,0,0,0,0,0,0,0,0,0

// pay_fild11 RANK E
1094,AMBERNITE,Lesma Marinha,Lesma Marinha,100,2000,0,2000,10,1,800,1000,10,20,50,30,20,50,50,1,10,12,1,4,20,0x281,200,500,1500,768,0,0,0,0,0,0,0,566,10000,539,10000,555,10000,3016,1000,0,0,0,0,0,0,0,0,0,0,0,0
1066,VADON,Carangueijo,Carangueijo,130,4000,0,2200,10,1,900,1100,10,20,50,30,20,50,50,1,10,12,1,2,20,0x281,200,500,1500,768,0,0,0,0,0,0,0,578,10000,539,10000,563,10000,0,0,0,0,0,0,0,0,0,0,0,0,0,0
1067,CORNUTUS,Cornutus,Cornutus,160,6000,0,2400,10,1,1000,1200,10,20,50,30,20,50,50,1,10,12,1,4,20,0x281,200,500,1500,768,0,0,0,0,0,0,0,579,10000,540,10000,563,10000,3022,1000,0,0,0,0,0,0,0,0,0,0,0,0
2081,E_HYDRA,Planta Aquática,Planta Aquática,160,8000,0,2600,10,9,1100,1300,10,20,50,30,20,50,50,1,10,12,1,4,20,0x84,200,500,1500,768,0,0,0,0,0,0,0,580,10000,558,10000,507,10000,3010,1000,0,0,0,0,0,0,0,0,0,0,0,0
//Mini-Boss
1065,STROUF,Strouf,Strouf,200,900000,0,20000,50,1,2000,3000,40,60,800,30,120,800,250,400,10,12,1,2,20,0x6283695,200,500,1500,768,0,0,0,0,0,0,0,570,10000,575,10000,523,5000,5006,30,754,2000,0,0,0,0,0,0,0,0,0,0

// gef_fild12 RANK D
1004,HORNET,Abelha,Abelha,200,10000,0,5000,20,1,2000,3000,18,28,250,100,50,200,100,5,10,12,1,4,20,0x281,200,500,1500,864,0,0,0,0,0,0,0,559,10000,508,10000,509,10000,3000,800,0,0,0,0,0,0,0,0,0,0,0,0
1322,SPRING_RABBIT,Coelho,Coelho,230,12000,0,5200,25,1,3000,4000,18,28,250,100,50,200,100,5,10,12,1,2,20,0x281,200,500,1500,864,0,0,0,0,0,0,0,569,10000,506,10000,3005,800,0,0,0,0,0,0,0,0,0,0,0,0,0,0
1174,STAINER,Joaninha,Joaninha,250,14000,0,5400,30,1,3500,4500,18,28,250,100,50,200,100,5,10,12,1,4,20,0x281,200,500,1500,864,0,0,0,0,0,0,0,591,10000,553,10000,0,0,0,0,0,0,0,0,0,0,0,0,0,0,0,0
1410,LIVE_PEACH_TREE,Árvore Demônio,Árvore Demônio,280,16000,0,5600,35,1,4000,5000,18,28,250,100,50,200,100,5,10,12,1,2,20,0x281,200,500,1500,864,0,0,0,0,0,0,0,679,10000,513,10000,716,500,0,0,0,0,0,0,0,0,0,0,0,0,0,0

// mjolnir_07 RANK D
1408,BLOOD_BUTTERFLY,Borboleta Gigante,Borboleta Gigante,310,20000,0,8000,40,1,5000,6000,20,30,250,100,50,200,100,10,10,12,1,4,20,0x281,200,500,1500,864,0,0,0,0,0,0,0,678,10000,681,10000,550,10000,3023,800,0,0,0,0,0,0,0,0,0,0,0,0
1271,ALLIGATOR,Crocodilo,Crocodilo,340,25000,0,8200,45,1,6000,7000,20,30,250,100,45,200,100,10,10,12,1,2,20,0x285,200,500,1500,864,0,0,0,0,0,0,0,722,10000,3017,800,0,0,0,0,0,0,0,0,0,0,0,0,0,0,0,0
1391,GALAPAGO,Galápago,Galápago,360,30000,0,8400,50,1,6500,7500,20,30,250,100,50,200,100,10,10,12,1,3,20,0x281,200,500,1500,864,0,0,0,0,0,0,0,639,0,547,10000,3011,800,0,0,0,0,0,0,0,0,0,0,0,0,0,0
1279,TRI_JOINT,Trilobita,Trilobita,380,35000,0,8600,55,1,7000,8000,20,30,250,100,55,200,100,10,10,12,1,2,20,0x285,200,500,1500,864,0,0,0,0,0,0,0,563,10000,650,10000,3029,800,0,0,0,0,0,0,0,0,0,0,0,0,0,0
// Mini-Boss
1702,RETRIBUTION,Espírito Assassino,Espírito Assassino,400,2500000,0,90000,90,1,12000,15000,40,60,800,100,210,800,250,400,10,12,1,2,20,0x6203295,200,500,1500,864,0,0,0,0,0,0,0,707,10000,564,5000,526,10000,708,10000,5007,30,0,0,0,0,0,0,0,0,0,0

// mjolnir_06 RANK C
1995,PINGUICULA,Flor Assassina,Flor Assassina,400,120000,0,10000,70,1,12000,15000,25,32,300,100,100,300,200,20,10,12,1,3,20,0x285,200,500,1500,500,0,0,0,0,0,0,0,684,10000,658,10000,689,10000,3001,600,0,0,0,0,0,0,0,0,1303,10000,0,0
1880,WOOD_GOBLIN,Árvore Andarilha,Árvore Andarilha,450,130000,0,12000,74,1,13000,16000,25,32,300,100,100,300,200,20,10,12,1,3,20,0x285,200,500,1500,500,0,0,0,0,0,0,0,692,10000,691,10000,537,10000,510,5000,645,10000,3012,600,0,0,0,0,1303,10000,0,0
1275,DRACO,Dragão Filhote,Dragão Filhote,500,140000,0,13000,78,1,14000,17000,25,32,300,100,100,300,200,20,10,12,1,9,20,0x281,200,500,1500,500,0,0,0,0,0,0,0,631,10000,667,10000,606,10000,608,10000,607,10000,3006,600,0,0,0,0,1303,10000,0,0
1276,Vespa_Gigante,Vespa Gigante,Vespa Gigante,550,150000,0,15000,80,1,15000,18000,25,32,300,100,100,300,200,20,10,12,1,4,20,0x281,200,500,1500,500,0,0,0,0,0,0,0,508,10000,509,10000,563,10000,0,0,0,0,0,0,0,0,0,0,1303,10000,0,0

// mjolnir_04 RANK B
1317,FUR_SEAL,Foca,Foca,600,300000,0,16000,100,1,20000,25000,30,40,300,150,300,300,250,30,10,12,1,2,20,0x285,300,500,1500,384,0,0,0,0,0,0,0,529,10000,650,10000,3007,200,0,0,0,0,0,0,0,0,0,0,0,0,0,0
2024,BRADIUM_GOLEM,Golem de Cristal,Golem de Cristal,680,325000,0,17000,120,1,23000,28000,30,40,300,150,300,300,250,30,10,12,1,2,20,0x281,300,500,1500,384,0,0,0,0,0,0,0,655,10000,572,10000,632,5000,634,5000,3013,200,0,0,0,0,0,0,0,0,0,0
1020,MANDRAGORA,Mandrágora,Mandrágora,720,350000,0,16000,140,9,25000,30000,30,40,300,150,300,300,250,30,10,12,1,3,20,0x84,300,500,1500,384,0,0,0,0,0,0,0,519,5000,535,10000,3002,200,0,0,0,0,0,0,0,0,0,0,0,0,0,0
//Boss
1300,CATERPILLAR,Taturana,Taturana,800,8500000,0,50000,300,1,40000,60000,55,60,1000,300,300,1000,300,300,10,12,1,3,20,0x6283695,300,500,1500,384,10,0,0,0,0,0,0,569,10000,651,10000,585,10000,900,300,0,0,0,0,0,0,0,0,0,0,0,0

// gon_fild01 RANK A
1406,KAPHA,Kappa,Kappa,800,450000,0,21000,200,1,40000,50000,40,50,300,200,150,300,300,50,10,12,1,6,20,0x285,200,500,1500,384,0,0,0,0,0,0,0,669,10000,650,10000,520,3000,0,0,0,0,0,0,0,0,0,0,1306,10000,0,0
1506,DISGUISE,Anolian,Anolian,850,460000,0,22000,245,1,42000,52000,40,50,300,200,150,300,300,50,10,12,1,2,20,0x281,200,500,1500,384,0,0,0,0,0,0,0,0,0,717,3000,533,10000,722,10000,0,0,0,0,0,0,0,0,1306,10000,0,0
1255,NERAID,Nereida,Nereida,900,480000,0,20000,275,1,44000,54000,40,50,300,200,150,300,300,50,10,12,0,5,20,0x285,200,500,1500,384,0,0,0,0,0,0,0,615,10000,650,10000,0,0,0,0,0,0,0,0,0,0,0,0,1306,10000,0,0
1148,MEDUSA,Medusa,Medusa,950,500000,0,22000,300,1,46000,56000,40,50,300,200,150,300,300,50,10,12,1,2,20,0x281,200,500,1500,384,0,0,0,0,0,0,0,612,10000,517,10000,525,10000,589,10000,3026,50,0,0,0,0,0,0,1306,10000,0,0
//Boss
2194,MD_GIANT_OCTOPUS,Polvo Ninja,Polvo Ninja,999,12000000,0,70000,800,3,50000,60000,55,60,1000,300,400,1000,400,300,10,12,1,5,20,0x6283695,200,500,1500,384,10,0,0,523,5000,584,3000,589,10000,580,10000,5012,50,900,300,1305,10000,0,0,0,0,0,0,1306,10000,0,0


// ----------------------- Fild Nuvem -----------------------

// ein_fild02 RANK E
1619,PORCELLIO,Porcellio,Porcellio,10,100,0,100,5,1,50,100,0,10,50,30,20,50,50,1,10,12,0,2,20,0x281,200,1500,680,500,0,0,0,0,0,0,0,699,10000,553,10000,613,10000,705,3000,3028,1000,0,0,0,0,0,0,0,0,0,0
1103,CARAMEL,Porco Espinho,Porco Espinho,10,100,0,110,5,1,50,100,0,10,50,30,20,50,50,1,10,12,0,2,20,0x281,200,1500,680,500,0,0,0,0,0,0,0,547,10000,2101,1000,0,0,0,0,0,0,0,0,0,0,0,0,0,0,0,0
1145,MARTIN,Topeira,Topeira,10,100,0,120,5,1,50,100,0,10,50,30,20,50,50,1,10,12,0,2,20,0x281,200,1500,680,500,0,0,0,0,0,0,0,595,10000,547,10000,596,10000,1202,1000,0,0,0,0,0,0,0,0,0,0,0,0
1128,HORN,Besouro-Chifre,Besouro-Chifre,10,100,0,130,5,1,50,100,0,10,50,30,20,50,50,1,10,12,0,2,20,0x281,200,1500,680,500,0,0,0,0,0,0,0,567,10000,555,10000,563,10000,0,0,0,0,0,0,0,0,0,0,0,0,0,0

// yuno_fild02 RANK E
1516,INCREASE_SOIL,Mi Gao,Mi Gao,100,2000,0,2000,10,1,800,1000,10,20,50,30,20,50,50,1,10,12,1,4,20,0x281,200,1468,468,768,0,0,0,0,0,0,0,693,10000,585,10000,3022,1000,0,0,0,0,0,0,0,0,0,0,0,0,0,0
1614,MINERAL,Mineral,Mineral,130,4000,0,2300,10,1,900,1100,10,20,50,30,20,50,50,1,10,12,1,2,20,0x281,200,1468,468,768,0,0,0,0,0,0,0,703,10000,522,10000,582,100,3016,1000,0,0,0,0,0,0,0,0,0,0,0,0
1372,GOAT,Bode,Bode,160,6000,0,2600,10,1,1100,1300,10,20,50,30,20,50,50,1,10,12,1,4,20,0x281,200,1468,468,768,0,0,0,0,0,0,0,661,10000,662,10000,3010,1000,0,0,0,0,0,0,0,0,0,0,0,0,0,0
// Mini-Boss
1976,COBALT_MINERAL,Cobalto,Cobalto,200,900000,0,20000,50,1,2000,3000,40,60,800,30,120,800,250,120,10,12,1,2,20,0x2003695,200,1468,468,768,0,0,0,0,0,0,0,703,10000,527,5000,522,10000,582,10000,5008,30,0,0,0,0,0,0,0,0,0,0

// yuno_fild03 RANK D
1413,WILD_GINSENG,Ermitão,Ermitão,200,10000,0,5000,20,5,2000,3000,18,28,250,100,50,200,100,5,10,12,1,4,20,0x281,200,500,1500,864,0,0,0,0,0,0,0,684,10000,604,10000,605,10000,3000,800,0,0,0,0,0,0,0,0,0,0,0,0
1308,DRILLER,Lagarto Negro,Lagarto Negro,230,12000,0,5300,30,1,3000,4000,18,28,250,100,50,200,100,5,10,12,1,2,20,0x281,200,500,1500,864,0,0,0,0,0,0,0,590,10000,533,10000,3005,800,0,0,0,0,0,0,0,0,0,0,0,0,0,0
1015,Holden,Furão,Furão,280,16000,0,5600,35,1,4000,5000,18,28,250,100,50,200,100,5,10,12,1,2,20,0x281,200,500,1500,864,0,0,0,0,0,0,0,595,10000,596,10000,547,10000,0,0,0,0,0,0,0,0,0,0,0,0,0,0

// yuno_fild05 RANK D
1507,STING,Aku no Te,Aku no Te,310,20000,0,8000,40,1,5000,6000,20,30,250,100,50,200,100,10,10,12,1,4,20,0x281,200,500,1500,864,0,0,0,0,0,0,0,585,10000,587,10000,3023,800,0,0,0,0,0,0,0,0,0,0,0,0,0,0
1151,MYST,Espírito da Nuvem,Espírito da Nuvem,340,25000,0,8200,45,1,6000,7000,20,30,250,100,50,200,100,10,10,12,1,2,20,0x285,200,500,1500,864,0,0,0,0,0,0,0,704,10000,702,10000,633,10000,3017,800,0,0,0,0,0,0,0,0,0,0,0,0
1620,NOXIOUS,Nuvem Tóxica,Nuvem Tóxica,360,30000,0,8400,50,1,6500,7500,20,30,250,100,50,200,100,10,10,12,1,3,20,0x281,200,500,1500,864,0,0,0,0,0,0,0,702,10000,704,10000,723,10000,3011,800,0,0,0,0,0,0,0,0,0,0,0,0
1253,GARGOYLE,Gárgula,Gárgula,380,35000,0,8600,55,1,7000,8000,20,30,250,100,50,200,100,10,10,12,1,2,20,0x285,200,500,1500,864,0,0,0,0,0,0,0,609,10000,541,10000,3029,800,0,0,0,0,0,0,0,0,0,0,0,0,0,0
//Mini-Boss
1618,UNGOLIANT,Ungoliant,Ungoliant,400,2500000,0,90000,90,1,12000,15000,40,60,800,100,210,800,250,20,10,12,1,2,20,0x2003695,200,1148,1728,864,0,0,0,0,0,0,0,701,10000,592,10000,591,10000,697,3000,705,10000,754,2000,0,0,0,0,0,0,0,0

// yuno_fild08 RANK C
1016,SAPO_VENENOSO,Sapo Venenoso,Sapo Venenoso,400,120000,0,10000,70,1,12000,15000,25,32,300,100,100,300,200,20,10,12,1,3,20,0x285,200,500,1500,500,0,0,0,0,0,0,0,671,10000,670,10000,546,10000,538,10000,3001,600,0,0,0,0,0,0,1302,10000,0,0
1621,VENOMOUS,Nuvem Venenosa,Nuvem Venenosa,450,130000,0,12000,74,1,13000,16000,25,32,300,100,100,300,200,20,10,12,1,3,20,0x281,200,500,1500,500,0,0,0,0,0,0,0,702,10000,666,10000,670,10000,704,10000,3006,600,0,0,0,0,0,0,1302,10000,0,0
1615,OBSIDIAN,Obisidiana,Obisidiana,500,140000,0,13000,78,1,14000,17000,25,32,300,100,100,300,200,20,10,12,1,9,20,0x285,200,500,1500,500,0,0,0,0,0,0,0,700,10000,587,10000,586,10000,3018,600,0,0,0,0,0,0,0,0,1302,10000,0,0
1263,WIND_GHOST,Espírito do Vento,Espírito do Vento,550,150000,0,15000,80,1,15000,18000,25,32,300,100,100,300,200,20,10,12,1,4,20,0x281,200,500,1500,500,0,0,0,0,0,0,0,541,10000,554,10000,726,10000,0,0,0,0,0,0,0,0,0,0,1302,10000,0,0

// ein_fild01 RANK B
1278,STALACTIC_GOLEM,Golem Rochoso,Golem Rochoso,600,300000,0,16000,100,1,20000,25000,30,40,300,150,300,300,250,30,10,12,1,2,20,0x285,200,500,1500,384,0,0,0,0,0,0,0,572,10000,655,10000,3002,200,0,0,0,0,0,0,0,0,0,0,1316,10000,0,0
1149,MINOROUS,Minotauro,Minotauro,680,325000,0,16000,120,1,23000,28000,30,40,300,150,300,300,250,30,10,12,1,2,20,0x281,200,500,1500,384,0,0,0,0,0,0,0,567,10000,561,10000,638,3000,3019,200,0,0,0,0,0,0,0,0,1316,10000,0,0
1412,EVIL_CLOUD_HERMIT,Ermitão da Nuvem,Ermitão da Nuvem,720,350000,0,16000,140,5,25000,30000,30,40,300,150,300,300,250,30,10,12,1,3,20,0x285,200,500,1500,384,0,0,0,0,0,0,0,677,10000,3007,200,0,0,0,0,0,0,0,0,0,0,0,0,1316,10000,0,0
//Boss
1310,MAJORUROS,Líder Minotauro,Líder Minotauro,800,8500000,0,50000,300,1,40000,60000,55,60,1000,300,300,1000,300,300,10,12,1,3,20,0x6283695,200,500,1500,384,10,0,0,0,0,0,0,561,10000,567,10000,638,10000,5009,30,900,300,1311,10000,0,0,0,0,1316,10000,0,0

// yuno_fild11 RANK A
1386,SLEEPER,Monstro de Terra,Monstro de Terra,800,450000,0,21000,200,1,40000,50000,40,50,300,200,150,300,300,50,10,12,1,6,20,0x285,200,500,1500,384,0,0,0,0,0,0,0,668,3000,616,10000,647,10000,585,10000,0,0,0,0,0,0,0,0,0,0,0,0
1199,PUNK,Praga Negra,Praga Negra,850,460000,0,22000,245,1,42000,52000,40,50,300,200,150,300,300,50,10,12,1,2,20,0x285,200,500,1500,384,0,0,0,0,0,0,0,617,10000,723,10000,3014,50,0,0,0,0,0,0,0,0,0,0,0,0,0,0
1091,DRAGON_FLY,Libélula,Libélula,900,480000,0,21000,275,1,44000,54000,40,50,300,200,150,300,300,50,10,12,0,5,20,0x281,200,500,1500,384,0,0,0,0,0,0,0,653,10000,621,10000,0,0,0,0,0,0,0,0,0,0,0,0,0,0
1718,NOVUS_,Dragão da Montanha,Dragão da Montanha,950,500000,0,22000,300,1,46000,56000,40,50,300,200,150,300,300,50,10,12,1,2,20,0x281,200,500,1500,384,0,0,0,0,0,0,0,667,10000,606,10000,607,10000,608,10000,3020,50,0,0,0,0,0,0,0,0,0,0
//Boss
1990,HARDROCK_MOMMOTH,Mamute,Mamute,999,12000000,0,100000,800,2,50000,60000,55,60,1000,250,400,1000,400,300,10,12,1,5,20,0x6283695,200,500,1500,384,10,0,0,0,0,0,0,655,10000,572,10000,632,10000,5011,50,900,300,1315,10000,0,0,0,0,0,0,0,0

// tur_dun01
1314,PERMETER,Ki Kame,Ki Kame,600,300000,0,14000,100,1,20000,25000,30,40,300,200,300,300,300,300,10,12,1,2,20,0x285,200,500,1500,768,0,0,0,0,0,0,0,581,10000,716,1000,692,10000,0,0,0,0,0,0,0,0,0,0,0,0,0,0
1316,SOLIDER,Iwa Kame,Iwa Kame,600,300000,0,15000,100,1,20000,25000,30,40,300,200,300,300,300,300,10,12,1,2,20,0x281,200,500,1500,768,0,0,0,0,0,0,0,581,10000,657,10000,655,10000,0,0,0,0,0,0,0,0,0,0,0,0,0,0

// tur_dun02
1319,FREEZER,Koori Kame,Koori Kame,720,350000,0,18000,140,5,25000,30000,30,40,300,200,300,300,300,300,10,12,1,3,20,0x285,200,500,1500,864,0,0,0,0,0,0,0,581,10000,657,10000,654,10000,0,0,0,0,0,0,0,0,0,0,0,0,0,0

// tur_dun03
1318,HEATER,Hi Kame,Hi Kame,850,460000,0,22000,245,1,42000,52000,40,50,300,200,300,300,300,300,10,12,1,2,20,0x281,200,500,1500,864,0,0,0,0,0,0,0,581,10000,657,10000,656,10000,0,0,0,0,0,0,0,0,0,0,0,0,0,0

// tur_dun04
1315,ASSULTER,Shinobi Kame,Shinobi Kame,950,500000,0,22000,300,1,46000,56000,40,50,300,200,300,300,300,300,10,12,1,2,20,0x281,200,500,1500,384,0,0,0,0,0,0,0,581,10000,657,10000,660,10000,5014,20,0,0,0,0,0,0,0,0,0,0,0,0

// yuno_fild09 Rank A
1988,NEPENTHES,Nephentes,Nephentes,950,500000,0,20000,300,1,46000,56000,40,50,300,200,300,300,300,300,10,12,1,2,20,0x285,200,500,1500,500,0,0,0,0,0,0,0,535,10000,629,10000,0,0,0,0,0,0,0,0,0,0,0,0,0,0,0,0
1989,HILLSRION,Leão da Montanha,Leão da Montanha,950,500000,0,21000,300,1,46000,56000,40,50,300,200,300,300,300,300,10,12,1,2,20,0x281,200,500,1500,500,0,0,0,0,0,0,0,628,10000,627,10000,715,1000,0,0,0,0,0,0,0,0,0,0,0,0,0,0
1776,SIROMA,Filhote de Yeti,Filhote de Yeti,950,500000,0,22000,300,1,46000,56000,40,50,300,200,300,300,300,300,10,12,1,2,20,0x285,200,500,1500,500,0,0,0,0,0,0,0,627,10000,654,10000,583,3000,0,0,0,0,0,0,0,0,0,0,0,0,0,0
1515,GARM_BABY,Filhote de Lobo Glacial,Filhote de Lobo Glacial,950,750000,0,21000,300,1,46000,56000,40,50,300,200,300,300,300,300,10,12,1,2,20,0x285,200,500,1500,500,0,0,0,0,0,0,0,696,10000,654,10000,711,5000,737,100,,0,0,0,0,0,0,0,0,0,0,0

// dic_fild01 Rank B
1777,ICE_TITAN,Golem de Gelo,Golem de Gelo,950,500000,0,18000,300,1,46000,56000,40,50,300,200,300,300,300,300,10,12,1,2,20,0x281,200,500,1500,384,0,0,0,0,0,0,0,711,10000,654,10000,584,1000,0,0,0,0,0,0,0,0,0,0,0,0,0,0
1775,SNOWIER,Yeti,Yeti,950,500000,0,19000,300,1,46000,56000,40,50,300,200,300,300,300,300,10,12,1,2,20,0x285,200,500,1500,384,0,0,0,0,0,0,0,711,10000,654,10000,627,10000,0,0,0,0,0,0,0,0,0,0,0,0,0,0
2092,DOLOMEDES,Aranha Glacial,Aranha Glacial,950,500000,0,20000,300,1,46000,56000,40,50,300,200,300,300,300,300,10,12,1,2,20,0x285,200,500,1500,384,0,0,0,0,0,0,0,640,3000,641,10000,634,10000,0,0,0,0,0,0,0,0,0,0,0,0,0,0
//
1252,GARM,Lobo Glacial,Lobo Glacial,999,12000000,0,100000,800,1,50000,60000,55,60,1000,300,400,1000,400,300,10,12,1,2,20,0x6283695,200,500,1500,384,10,0,0,0,0,0,0,711,10000,531,5000,637,10000,5010,50,900,300,1309,10000,0,0,0,0,0,0,0,0


// ----------------------- Esgotos -----------------------

// Fild 1
1070,KUKRE,Verme,Verme,10,100,0,100,8,1,100,200,0,10,100,30,50,100,50,20,10,12,0,2,20,0x281,200,500,15008,768,0,0,0,0,0,0,0,574,10000,553,10000,0,0,0,0,0,0,0,0,0,0,0,0,0,0,0,0
1005,FARMILIAR,Morcego,Morcego,80,800,0,100,8,1,190,200,0,10,100,30,50,100,50,20,10,12,0,2,20,0x281,200,500,1500,768,0,0,0,0,0,0,0,542,10000,609,10000,0,0,0,0,0,0,0,0,0,0,0,0,0,0,0,0
1175,TAROU,Rato,Rato,100,2000,0,800,8,1,800,1000,10,20,120,30,120,120,250,120,10,12,1,4,20,0x281,200,500,1500,768,0,0,0,0,0,0,0,594,10000,547,10000,569,10000,0,0,0,0,0,0,0,0,0,0,0,0,0,0
1161,PLANKTON,Fungo Parasita,Fungo Parasita,160,6000,0,1000,10,1,1100,1300,10,20,120,30,120,120,250,120,10,12,1,4,20,0x281,200,500,1500,768,0,0,0,0,0,0,0,613,10000,558,10000,539,10000,0,0,0,0,0,0,0,0,0,0,0,0,0,0

// Fild 2
1509,CRAMP,Ratasana,Ratasana,200,45000,0,1200,20,1,2000,3000,18,28,210,100,210,150,250,20,10,12,1,4,20,0x285,200,500,1500,500,0,0,0,0,0,0,0,569,10000,594,10000,547,10000,728,10000,0,0,0,0,0,0,0,0,0,0,0,0
1194,ARCLOUSE,Tatu Bola,Tatu Bola,230,50000,0,1600,25,1,3000,4000,18,28,210,100,210,150,250,20,10,12,1,2,20,0x281,200,500,1500,500,0,0,0,0,0,0,0,621,10000,558,10000,563,10000,541,10000,0,0,0,0,0,0,0,0,0,0,0,0
1111,DRAINLIAR,Morcego Raivoso,Morcego Raivoso,280,60000,0,2000,30,1,4000,5000,18,28,210,100,210,150,250,20,10,12,1,2,20,0x285,200,500,1500,500,0,0,0,0,0,0,0,542,10000,727,10000,0,0,0,0,0,0,0,0,0,0,0,0,0,0,0,0
1201,WHISPER,Fantasma,Fantasma,310,65000,0,3000,35,1,5000,6000,20,30,210,100,210,150,250,20,10,12,1,4,20,0x281,200,500,1500,500,0,0,0,0,0,0,0,619,10000,625,100,0,0,0,0,0,0,0,0,0,0,0,0,0,0,0,0

// Fild 3
1987,CENTIPEDE,Lacraia,Lacraia,340,70000,0,4000,45,1,6000,7000,20,30,210,100,210,150,250,20,10,12,1,2,20,0x281,200,500,1500,384,0,0,0,0,0,0,0,610,10000,541,10000,563,10000,574,10000,0,0,0,0,0,0,0,0,0,0,0,0
1186,WHISPER_BOSS,Aparição,Aparição,360,75000,0,4500,50,1,6500,7500,20,30,210,100,210,150,250,20,10,12,1,3,20,0x285,200,500,1500,384,0,0,0,0,0,0,0,619,10000,0,0,0,0,0,0,0,0,0,0,0,0,0,0,0,0,0,0
2314,TIYANAK,Demônio do Esgoto,Demônio do Esgoto,380,80000,0,5000,55,1,7000,8000,20,30,210,100,210,150,250,20,10,12,1,2,20,0x285,200,500,1500,384,0,0,0,0,0,0,0,577,10000,576,10000,0,0,0,0,0,0,0,0,0,0,0,0,0,0,0,0
1870,NECROMANCER,Coletor de Ossos,Coletor de Ossos,380,80000,0,5000,55,1,7000,8000,20,30,210,100,210,150,250,20,10,12,1,2,20,0x281,200,500,1500,384,0,0,0,0,0,0,0,514,5000,714,10000,554,10000,5015,40,0,0,0,0,0,0,0,0,0,0,0,0

//-----------------------Raid Orc------------------------------
1153,Orc,Orc,Orc,999,20000000,0,0,0,1,2000,3000,40,40,700,200,89,400,500,50,10,12,1,7,80,0x3885,300,50,384,240,0,0,0,0,0,0,0,0,0,0,0,0,0,0,0,0,0,0,0,0,0,0,0,0,0,0,0
// ----------------------- Raid Grande Ponte -----------------------

1290,Tazuna,Tazuna,Tazuna,999,1000000,0,0,0,2,1,1,30,80,1200,300,400,300,2000,2000,10,12,1,7,26,1,200,10,1152,700,0,0,0,0,0,0,0,0,0,0,0,0,0,0,0,0,0,0,0,0,0,0,0,0,0,0,0

// Facil
1291,Capanga,Capanga,Capanga,400,400000,0,0,0,1,8000,10000,40,40,400,200,50,400,600,200,10,12,1,7,26,0x285,300,17,500,500,0,0,0,0,0,0,0,0,0,0,0,0,0,0,0,0,0,0,0,0,0,0,0,0,0,0,0
1292,Haku,Haku,Haku,500,1000000,0,0,0,1,15000,18000,30,30,700,200,50,700,600,200,10,12,1,7,26,0x6283695,300,100,500,500,10,0,0,0,0,0,0,0,0,0,0,0,0,0,0,0,0,0,0,0,0,0,0,0,0,0,0
1293,Zabuza,Zabuza,Zabuza,500,2000000,0,0,0,1,18000,20000,30,30,700,200,50,700,600,200,10,12,1,7,26,0x6283695,300,100,500,500,10,0,0,0,0,0,0,0,0,0,0,0,0,0,0,0,0,0,0,0,0,0,0,0,0,0,0

// Medio
1297,Capanga,Capanga,Capanga,400,700000,0,0,0,1,10000,15000,40,40,400,200,50,400,600,200,10,12,1,7,26,0x285,300,17,500,500,0,0,0,0,0,0,0,0,0,0,0,0,0,0,0,0,0,0,0,0,0,0,0,0,0,0,0
1298,Haku,Haku,Haku,999,10000000,0,0,0,1,18000,20000,30,30,700,200,50,700,600,200,10,12,1,7,26,0x6283695,300,100,500,500,10,0,0,0,0,0,0,0,0,0,0,0,0,0,0,0,0,0,0,0,0,0,0,0,0,0,0
1299,Zabuza,Zabuza,Zabuza,850,15000000,0,0,0,1,20000,25000,30,30,700,200,50,700,600,200,10,12,1,7,26,0x6283695,300,100,500,500,10,0,0,0,0,0,0,0,0,0,0,0,0,0,0,0,0,0,0,0,0,0,0,0,0,0,0

// Dificil
1301,Capanga,Capanga,Capanga,400,1000000,0,0,0,1,15000,18000,40,40,400,200,50,400,600,200,10,12,1,7,26,0x285,300,17,500,500,0,0,0,0,0,0,0,0,0,0,0,0,0,0,0,0,0,0,0,0,0,0,0,0,0,0,0
1302,Haku,Haku,Haku,999,25000000,0,0,0,1,20000,24000,30,50,700,200,50,700,600,200,10,12,1,7,26,0x6283695,300,100,500,500,10,0,0,0,0,0,0,0,0,0,0,0,0,0,0,0,0,0,0,0,0,0,0,0,0,0,0
1304,Zabuza,Zabuza,Zabuza,850,50000000,0,0,0,1,25000,28000,30,50,700,200,50,700,600,200,10,12,1,7,26,0x6283695,300,100,500,500,10,0,0,0,0,0,0,0,0,0,0,0,0,0,0,0,0,0,0,0,0,0,0,0,0,0,0

// ----------------------- Raid Exame Chunin -----------------------

1226,Ninja_da_Grama,Ninja da Grama,Ninja da Grama,400,400000,0,0,0,1,8000,10000,40,40,400,200,50,400,600,200,10,12,1,7,26,0x285,300,17,500,500,0,0,0,0,0,0,0,0,0,0,0,0,0,0,0,0,0,0,0,0,0,0,0,0,0,0,0
1227,Ninja_da_Grama,Ninja da Grama,Ninja da Grama,400,700000,0,0,0,1,10000,15000,40,40,400,200,50,400,600,200,10,12,1,7,26,0x285,300,17,500,500,0,0,0,0,0,0,0,0,0,0,0,0,0,0,0,0,0,0,0,0,0,0,0,0,0,0,0
1228,Ninja_da_Grama,Ninja da Grama,Ninja da Grama,999,1000000,0,0,0,1,15000,18000,40,40,400,200,50,400,600,200,10,12,1,7,26,0x285,300,17,500,500,0,0,0,0,0,0,0,0,0,0,0,0,0,0,0,0,0,0,0,0,0,0,0,0,0,0,0

1229,Ninja_da_Chuva,Ninja da Chuva,Ninja da Chuva,400,400000,0,0,0,1,8000,10000,40,40,400,200,50,400,600,200,10,12,1,7,26,0x285,300,17,500,500,0,0,0,0,0,0,0,0,0,0,0,0,0,0,0,0,0,0,0,0,0,0,0,0,0,0,0
1230,Ninja_da_Chuva,Ninja da Chuva,Ninja da Chuva,400,700000,0,0,0,1,10000,15000,40,40,400,200,50,400,600,200,10,12,1,7,26,0x285,300,17,500,500,0,0,0,0,0,0,0,0,0,0,0,0,0,0,0,0,0,0,0,0,0,0,0,0,0,0,0
1231,Ninja_da_Chuva,Ninja da Chuva,Ninja da Chuva,999,1000000,0,0,0,1,15000,18000,40,40,400,200,50,400,600,200,10,12,1,7,26,0x285,300,17,500,500,0,0,0,0,0,0,0,0,0,0,0,0,0,0,0,0,0,0,0,0,0,0,0,0,0,0,0

1233,Cobra_Gigante,Cobra Gigante,Cobra Gigante,500,1000000,0,0,0,1,15000,18000,30,30,700,200,50,700,600,200,10,12,1,7,26,0x6283695,300,100,500,500,10,0,0,0,0,0,0,0,0,0,0,0,0,0,0,0,0,0,0,0,0,0,0,0,0,0,0
1234,Cobra_Gigante,Cobra Gigante,Cobra Gigante,999,10000000,0,0,0,1,18000,20000,30,30,700,200,50,700,600,200,10,12,1,7,26,0x6283695,300,100,500,500,10,0,0,0,0,0,0,0,0,0,0,0,0,0,0,0,0,0,0,0,0,0,0,0,0,0,0
1235,Cobra_Gigante,Cobra Gigante,Cobra Gigante,999,25000000,0,0,0,1,20000,24000,30,50,700,200,50,700,600,200,10,12,1,7,26,0x6283695,300,100,500,500,10,0,0,0,0,0,0,0,0,0,0,0,0,0,0,0,0,0,0,0,0,0,0,0,0,0,0

1236,Ninja_Misterioso,Ninja Misterioso,Ninja Misterioso,500,2000000,0,0,0,1,18000,20000,30,30,700,200,50,700,600,200,10,12,1,7,26,0x6283695,300,100,500,500,10,0,0,0,0,0,0,0,0,0,0,0,0,0,0,0,0,0,0,0,0,0,0,0,0,0,0
1237,Ninja_Misterioso,Ninja Misterioso,Ninja Misterioso,900,15000000,0,0,0,1,20000,25000,30,30,700,200,50,700,600,200,10,12,1,7,26,0x6283695,300,100,500,500,10,0,0,0,0,0,0,0,0,0,0,0,0,0,0,0,0,0,0,0,0,0,0,0,0,0,0
1242,Ninja_Misterioso,Ninja Misterioso,Ninja Misterioso,999,50000000,0,0,0,1,25000,28000,30,40,700,200,50,700,600,200,10,12,1,7,26,0x6283695,300,100,500,500,10,0,0,0,0,0,0,0,0,0,0,0,0,0,0,0,0,0,0,0,0,0,0,0,0,0,0

1239,POPORING,Poporing,Poporing,30,524,1,198,224,1,74,20,36,17,17,26,20,18,36,5,10,12,1,3,25,0x83,300,1672,672,480,0,0,0,0,0,0,0,938,0,0,0,0,0,0,200,512,5,1207,5,512,250,0,0,0,0,4033,1

// ----------------------- Chunin Shiken -----------------------

1028,Exame_Chunin,Exame Chunin,Exame Chunin,400,150000,0,0,0,1,1000,2000,20,30,210,100,210,150,250,20,10,12,1,6,20,0x281,200,500,1500,432,0,0,0,0,0,0,0,0,0,0,0,0,0,0,0,0,0,0,0,0,0,0,0,0,0,0,0
1029,Exame_Chunin2,Exame Chunin,Exame Chunin,400,150000,0,0,0,1,1000,2000,20,30,210,100,210,150,250,20,10,12,1,4,20,0x281,200,500,1500,336,0,0,0,0,0,0,0,0,0,0,0,0,0,0,0,0,0,0,0,0,0,0,0,0,0,0,0


// ----------- KG Mobs -----------

// Kugutsu
1518,Karasu,Karasu1,Karasu1,300,1000000,0,0,0,1,2000,3000,10,10,400,200,80,50,2000,50,10,12,1,7,80,0x3885,300,50,390,432,0,0,0,0,0,0,0,0,0,0,0,0,0,0,0,0,0,0,0,0,0,0,0,0,0,0,0

1519,Karasu,Karasu2,Karasu2,500,4000000,0,0,0,1,3000,3000,20,20,400,200,80,50,2000,50,10,12,1,7,80,0x3885,300,50,384,200,0,0,0,0,0,0,0,0,0,0,0,0,0,0,0,0,0,0,0,0,0,0,0,0,0,0,0
2027,Kuroari,Kuroari2,Kuroari2,500,4000000,0,0,0,1,2000,3000,20,20,400,200,80,50,2000,50,10,12,1,7,80,0x3885,300,50,384,200,0,0,0,0,0,0,0,0,0,0,0,0,0,0,0,0,0,0,0,0,0,0,0,0,0,0,0

1520,Karasu,Karasu3,Karasu3,999,20000000,0,0,0,1,2000,3000,40,40,700,200,89,400,500,50,10,12,1,7,80,0x3885,300,50,384,240,0,0,0,0,0,0,0,0,0,0,0,0,0,0,0,0,0,0,0,0,0,0,0,0,0,0,0
2028,Kuroari,Kuroari3,Kuroari3,999,20000000,0,0,0,1,2000,3000,40,40,700,200,89,400,500,50,10,12,1,7,80,0x3885,300,50,384,240,0,0,0,0,0,0,0,0,0,0,0,0,0,0,0,0,0,0,0,0,0,0,0,0,0,0,0
2029,Sanshoou,Sanshoou3,Sanshoou3,999,20000000,0,0,0,1,2000,3000,40,40,700,200,89,400,500,50,10,12,1,7,80,0x3885,300,50,384,240,0,0,0,0,0,0,0,0,0,0,0,0,0,0,0,0,0,0,0,0,0,0,0,0,0,0,0

3599,Karasu,Karasu1,Karasu1,999,600000000,1300000,0,0,5,40000,40000,500,50,600,600,600,885,600,600,10,12,2,2,40,0x9D,250,1500,672,480,0,0,0,0,0,0,0,0,0,0,0,0,0,0,0,0,0,0,0,0,0,0,0,0,0,0,0
3600,Karasu,Karasu2,Karasu2,999,150000000,0,100000,0,1,32000,32000,60,30,800,200,50,999,900,200,10,12,1,7,80,103298709,120,100,100,100,5000,0,0,0,0,0,0,0,0,0,0,0,0,0,0,0,0,0,0,0,0,0,0,0,0,0,0

// Ibuse
//1658,Salamandra,Salamandra,Salamandra,999,7500000,0,0,0,1,31000,32000,65,60,1200,100,1,900,2000,600,10,12,2,0,26,0x89,160,140,384,288,0,0,0,0,0,0,0,0,0,0,0,0,0,0,0,0,0,0,0,0,0,0,0,0,0,0,0
1658,Salamandra,Salamandra,Salamandra,999,8500000,0,0,0,1,31000,32000,65,60,1200,100,1,900,2000,600,10,12,1,7,80,0x3695,180,480,480,120,0,0,0,0,0,0,0,739,100,0,0,0,0,0,0,0,0,0,0,0,0,0,0,0,0,0,0

// Deidara
1011,C1,C1,C1,1,20000,0,0,0,1,1,1,30,80,1,1,1,1,600,1,10,12,1,7,26,0x00000F85,800,1,1,1,0,0,0,0,0,0,0,0,0,0,0,0,0,0,0,0,0,0,0,0,0,0,0,0,0,0,0
2020,C1,C1,C1,1,50000,0,0,0,1,1,1,30,80,1,1,1,1,600,1,10,12,1,7,26,0x00000F85,800,1,1,1,0,0,0,0,0,0,0,0,0,0,0,0,0,0,0,0,0,0,0,0,0,0,0,0,0,0,0
2021,C1,C1,C1,1,100000,0,0,0,1,1,1,30,80,1,1,1,1,600,1,10,12,1,7,26,0x00000F85,800,1,1,1,0,0,0,0,0,0,0,0,0,0,0,0,0,0,0,0,0,0,0,0,0,0,0,0,0,0,0
2022,C1,C1,C1,1,300000,0,0,0,1,1,1,30,80,1,1,1,1,600,1,10,12,1,7,26,0x00000F85,800,1,1,1,0,0,0,0,0,0,0,0,0,0,0,0,0,0,0,0,0,0,0,0,0,0,0,0,0,0,0

1033,C2,C2,C2,1,7500000,0,0,0,1,31000,32000,20,20,1200,200,900,400,2000,50,10,12,1,7,80,0x3695,300,50,384,240,0,0,0,0,0,0,0,0,0,0,0,0,0,0,0,0,0,0,0,0,0,0,0,0,0,0,0
2030,C2,C2,C2,1,8000000,0,0,0,1,31000,32000,20,20,1200,200,900,400,2000,50,10,12,1,7,80,0x3695,300,50,384,240,0,0,0,0,0,0,0,0,0,0,0,0,0,0,0,0,0,0,0,0,0,0,0,0,0,0,0
2031,C2,C2,C2,1,8000000,0,0,0,1,31000,32000,20,20,1200,200,900,400,2000,50,10,12,1,7,80,0x3695,300,50,384,240,0,0,0,0,0,0,0,0,0,0,0,0,0,0,0,0,0,0,0,0,0,0,0,0,0,0,0

// ID,Sprite_Name,kROName,iROName,LV,HP,SP,EXP,JEXP,Range1,ATK1,ATK2,DEF,MDEF,STR,AGI,VIT,INT,DEX,LUK,Range2,Range3,Scale,Race,Element,Mode,Speed,aDelay,aMotion,dMotion,MEXP,MVP1id,MVP1per,MVP2id,MVP2per,MVP3id,MVP3per,Drop1id,Drop1per,Drop2id,Drop2per,Drop3id,Drop3per,Drop4id,Drop4per,Drop5id,Drop5per,Drop6id,Drop6per,Drop7id,Drop7per,Drop8id,Drop8per,Drop9id,Drop9per,DropCardid,DropCardper

1036,C3,C3,C3,1,1950000,0,0,0,2,1,1,99,99,1,5000,1,5000,1,1,10,12,1,7,26,0x0,800,1,1,1,0,0,0,0,0,0,0,0,0,0,0,0,0,0,0,0,0,0,0,0,0,0,0,0,0,0,0

// Doki
1657,Doki1,Doki1,Doki1,999,2000000,0,0,0,1,14000,24000,50,50,600,100,5,100,550,200,10,12,2,2,40,0x3885,150,366,332,288,0,0,0,,0,,0,,,,,,,,,,,,,,,,,,,,

1993,Doki1,Doki2,Doki2,999,3000000,0,0,0,1,14000,24000,50,50,700,100,1,100,550,500,10,12,2,2,40,0x3885,100,321,276,288,0,0,,,,,,,,,,,,,,,,,,,,,,,,,
2023,Doki2,Doki2,Doki2,999,3000000,0,0,0,1,14000,24000,50,50,700,100,1,100,550,500,10,12,2,2,40,0x3885,100,321,276,288,0,0,,,,,,,,,,,,,,,,,,,,,,,,,

1994,Doki1,Doki3,Doki3,999,7500000,0,0,0,1,14000,24000,50,50,700,100,1,100,550,500,10,12,2,2,40,0x3885,100,321,276,288,0,0,,,,,,,,,,,,,,,,,,,,,,,,,
2025,Doki2,Doki3,Doki3,999,7500000,0,0,0,1,14000,24000,50,50,700,100,1,100,550,500,10,12,2,2,40,0x3885,100,321,276,288,0,0,,,,,,,,,,,,,,,,,,,,,,,,,
2026,Doki3,Doki3,Doki3,999,7500000,0,0,0,1,14000,24000,50,50,700,100,1,100,550,500,10,12,2,2,40,0x3885,100,321,276,288,0,0,,,,,,,,,,,,,,,,,,,,,,,,,


// ----------- Kuchiyose -----------
// Kuchy Sapo
1790,Girino,Girino,Girino,999,3000000,1,0,0,1,15000,15000,15,15,600,600,600,540,600,600,10,12,0,2,21,137,100,1500,672,480,0,0,0,,0,,0,,0,,0,,0,,0,,0,,0,,0,,0,,0,,0
1789,Gama-Kishi,Gama-Kishi,Gama-Kishi,999,6000000,250000,0,0,1,25000,25000,25,25,600,600,600,699,600,600,10,12,1,2,21,0x308D,100,1500,672,480,0,0,0,,0,,0,,0,,0,,0,,0,,0,,0,,0,,0,,0,,0
1788,Gama-Bunta,Gama-Bunta,Gama-Bunta,999,9000000,1300000,0,0,5,40000,40000,50,50,600,600,600,885,600,600,10,12,2,2,40,0x9D,250,1500,672,480,0,0,0,0,0,0,0,0,0,0,0,0,0,0,0,0,0,0,0,0,0,0,0,0,0,0,0

// Kuchy Lesma
1916,Filhote_Katsuyo,Filhote Katsuyo,Filhote katsuyo,999,3000000,1,0,0,1,15000,15000,15,15,600,600,600,540,600,600,10,12,0,2,20,0x9,100,1500,672,480,0,0,0,0,0,0,0,0,0,0,0,0,0,0,0,0,0,0,0,0,0,0,0,0,0,0,0
1782,Namekuji,Namekuji,Namekuji,999,6000000,1,0,0,1,25000,25000,25,25,600,600,600,699,600,600,10,12,1,2,21,0x9,100,1500,672,480,0,0,0,0,0,0,0,0,0,0,0,0,0,0,0,0,0,0,0,0,0,0,0,0,0,0,0
1787,Katsuyo,Katsuyo,Katsuyo,999,9000000,1,0,0,1,40000,40000,50,50,600,600,600,885,600,600,1,1,2,2,20,0x29,200,768,360,360,0,0,0,0,0,0,0,0,0,0,0,0,0,0,0,0,0,0,0,0,0,0,0,0,0,0,0

// Kuchy Cobra
1781,Jya,Jya,Jya,999,3000000,1,0,0,1,15000,15000,15,15,600,600,600,540,600,600,10,12,0,2,20,137,100,1500,672,480,0,0,0,,0,,0,,0,,0,,0,,0,,0,,0,,0,,0,,0,,0
1772,Kyodaija,Kyodaija,Kyodaija,999,6000000,1,0,0,1,25000,25000,25,25,600,600,600,699,600,600,10,12,0,2,20,0x308D,200,1000,816,288,0,0,0,0,0,0,0,0,0,0,0,0,0,0,0,0,0,0,0,0,0,0,0,0,0,0,0
1784,Manda,Manda,Manda,999,9000000,1,0,0,1,40000,40000,50,50,600,600,600,885,600,600,10,12,2,3,40,0x9D,400,800,672,480,0,0,0,0,0,0,0,0,0,0,0,0,0,0,0,0,0,0,0,0,0,0,0,0,0,0,0

// Kuchy Tataruga
1220,Filhote_Tartaruga,Filhote Tartaruga,Filhote Tartaruga,999,5000000,1,0,0,1,15000,15000,15,15,600,600,600,540,600,600,10,12,0,2,20,0x28D,350,1500,680,500,0,0,0,0,0,0,0,0,0,0,0,0,0,0,0,0,0,0,0,0,0,0,0,0,0,0,0
1221,Tartaruga,Tartaruga,Tartaruga,999,10000000,1,0,0,1,25000,25000,25,25,600,600,600,699,600,600,10,4,0,2,20,0x318D,200,500,816,288,0,0,0,0,0,0,0,0,0,0,0,0,0,0,0,0,0,0,0,0,0,0,0,0,0,0,0
1222,Ninkame,Ninkame,Ninkame,999,20000000,1,0,0,1,40000,40000,50,50,600,600,600,885,600,600,10,4,1,2,80,0x9D,240,76,384,288,0,0,0,0,0,0,0,0,0,0,0,0,0,0,0,0,0,0,0,0,0,0,0,0,0,0,0

// Kuchy Macaco
1327,Onbba,Onbba,Onbba,999,500000,1,0,0,1,15000,15000,10,5,150,100,100,175,150,100,10,12,0,2,20,0x368D,200,1500,500,0,0,0,0,0,0,0,0,0,0,0,0,0,0,0,0,0,0,0,0,0,0,0,0,0,0,0,0
1328,Saru,Saru,Saru,999,1000000,1,0,0,1,25000,25000,20,5,270,150,200,275,2000,150,10,12,0,2,20,0x309D,300,1000,578,504,0,0,0,0,0,0,0,0,0,0,0,0,0,0,0,0,0,0,0,0,0,0,0,0,0,0,0
1329,Enma,Enma,Enma,999,1000000000,1,0,0,1,4000000000000000,4000000000000000,30000000,20000000,500000000,3400000000,3000000000,5000000000,50000000,1000,10,12,2,2,20,0xE9D,200,500,54,384,0,0,0,0,0,0,0,0,0,0,0,0,0,0,0,0,0,0,0,0,0,0,0,0,0,0,0

/ Kuchy Cachorro
1324,Akino,Akino,Akino,999,3000000,1,0,0,1,15000,15000,15,15,600,600,600,540,600,600,10,12,0,2,20,137,100,1500,672,480,0,0,0,,0,,0,,0,,0,,0,,0,,0,,0,,0,,0,,0,,0
1325,Pakkun,Pakkun,Pakkun,999,6000000,1,0,0,1,25000,25000,25,25,600,600,600,699,600,600,10,12,0,2,20,0x308D,200,1000,816,288,0,0,0,0,0,0,0,0,0,0,0,0,0,0,0,0,0,0,0,0,0,0,0,0,0,0,0
1326,Baru,Baru,Baru,999,9000000,1,0,0,1,40000,40000,50,50,600,600,600,885,600,600,10,12,2,3,40,0x9D,400,800,672,480,0,0,0,0,0,0,0,0,0,0,0,0,0,0,0,0,0,0,0,0,0,0,0,0,0,0,0

// Kuchy Aranha
1223,Filhote_Aranha,Filhote Aranha,Filhote Aranha,100,500000,50000,0,0,1,500,700,10,5,150,100,100,175,150,100,10,12,0,2,20,0x28D,350,1500,680,500,0,0,0,0,0,0,0,0,0,0,0,0,0,0,0,0,0,0,0,0,0,0,0,0,0,0,0
1224,Aranha2,Aranha,Aranha,500,1000000,250000,0,0,1,3000,7000,20,5,270,100,200,275,2000,150,10,4,0,2,20,0x318D,200,500,816,288,0,0,0,0,0,0,0,0,0,0,0,0,0,0,0,0,0,0,0,0,0,0,0,0,0,0,0
1225,Kyodaigumo,Kyodaigumo,Kyodaigumo,999,2000000,1300000,0,0,1,10000,15000,40,35,502,340,300,1500,1000,1000,10,4,1,2,80,0x19D,240,76,300,288,0,0,0,0,0,0,0,0,0,0,0,0,0,0,0,0,0,0,0,0,0,0,0,0,0,0,0

// Biju
1737,Ichibi,Ichibi,Ichibi,999,100000000000,1,100000,500,5,500000,500000,65,75,500,200,50,1000,800,200,10,12,2,9,80,103298709,200,100,768,480,100,0,0,0,0,0,0,0,0,0,0,0,0,0,0,0,0,0,0,0,0,0,0,0,0,0,0
1984,Nibi,Nibi,Nibi,999,100000000000,1,100000,500,5,500000,500000,65,75,500,200,50,1000,800,200,10,12,2,7,40,103298709,200,100,768,480,100,0,0,0,0,0,0,0,0,0,0,0,0,0,0,0,0,0,0,0,0,0,0,0,0,0,0
1986,Sanbi,Sanbi,Sanbi,999,100000000000,1,100000,500,5,500000,500000,65,75,550,200,50,1000,800,300,10,12,2,7,80,103298709,200,1100,616,528,100,0,0,0,0,0,0,0,0,0,0,0,0,0,0,0,0,0,0,0,0,0,0,0,0,0,0
1981,Yonbi,Yonbi,Yonbi,999,100000000000,1,100000,500,5,500000,500000,65,75,600,200,50,1000,800,300,10,12,2,9,80,103298709,200,1306,616,288,100,0,0,0,0,0,0,0,0,0,0,0,0,0,0,0,0,0,0,0,0,0,0,0,0,0,0
1982,Gobi,Gobi,Gobi,999,100000000000,1,100000,500,5,500000,500000,65,75,600,200,50,1000,800,250,10,12,2,7,80,103298709,200,1552,1152,336,100,0,0,0,0,0,0,0,0,0,0,0,0,0,0,0,0,0,0,0,0,0,0,0,0,0,0
1985,Rokubi,Rokubi,Rokubi,999,100000000000,1,100000,500,5,500000,500000,65,75,650,200,50,1000,800,200,10,12,2,7,80,103298709,200,2276,576,336,100,0,0,0,0,0,0,0,0,0,0,0,0,0,0,0,0,0,0,0,0,0,0,0,0,0,0
1983,Shichibi,Shichibi,Shichibi,999,100000000000,1,100000,500,5,500000,500000,65,75,650,200,50,1000,800,150,10,12,2,0,40,103298709,150,480,840,432,100,0,0,0,0,0,0,0,0,0,0,0,0,0,0,0,0,0,0,0,0,0,0,0,0,0,0
1738,Hachibi,Hachibi,Hachibi,999,100000000000,1,100000,500,5,500000,500000,65,75,750,200,50,1000,800,200,10,12,2,7,80,103298709,200,523,360,360,100,0,0,0,0,0,0,0,0,0,0,0,0,0,0,0,0,0,0,0,0,0,0,0,0,0,0
1086,Kyuubi,Kyuubi,Kyuubi,999,100000000000,1,100000,500,5,500000,9000000,65,75,3000,500,500,10000,800,200,10,12,2,7,80,103298709,200,523,360,360,100,0,0,0,0,0,0,0,0,0,0,0,0,0,0,0,0,0,0,0,0,0,0,0,0,0,0
1087,Juubi,Juubi,Juubi,999,100000000000,1,100000,500,5,900000,990000,70,30,5000,200,50,5000,800,200,10,12,2,7,80,103298709,200,523,360,360,100,0,0,0,0,0,0,0,0,0,0,0,0,0,0,781,10000,781,10000,781,10000,781,10000,781,10000,0,0

// Biju
//1737,Ichibi,Ichibi,Ichibi,999,200000000,1,100000,500,5,60000,60000,65,75,500,200,50,1000,800,200,10,12,2,9,80,103298709,200,100,768,480,100,0,0,0,0,0,0,0,0,0,0,0,0,0,0,0,0,0,0,0,0,0,0,0,0,0,0
//1984,Nibi,Nibi,Nibi,999,236250000,1,100000,500,5,60000,60000,65,75,500,200,50,1000,800,200,10,12,2,7,40,103298709,200,100,768,480,100,0,0,0,0,0,0,0,0,0,0,0,0,0,0,0,0,0,0,0,0,0,0,0,0,0,0
//1986,Sanbi,Sanbi,Sanbi,999,246000000,1,100000,500,5,60000,60000,65,75,550,200,50,1000,800,300,10,12,2,7,80,103298709,200,1100,616,528,100,0,0,0,0,0,0,0,0,0,0,0,0,0,0,0,0,0,0,0,0,0,0,0,0,0,0
//1981,Yonbi,Yonbi,Yonbi,999,247500000,1,100000,500,5,60000,60000,65,75,600,200,50,1000,800,300,10,12,2,9,80,103298709,200,1306,616,288,100,0,0,0,0,0,0,0,0,0,0,0,0,0,0,0,0,0,0,0,0,0,0,0,0,0,0
//1982,Gobi,Gobi,Gobi,999,238500000,1,100000,500,5,60000,60000,65,75,600,200,50,1000,800,250,10,12,2,7,80,103298709,200,1552,1152,336,100,0,0,0,0,0,0,0,0,0,0,0,0,0,0,0,0,0,0,0,0,0,0,0,0,0,0
//1985,Rokubi,Rokubi,Rokubi,999,255000000,1,100000,500,5,60000,60000,65,75,650,200,50,1000,800,200,10,12,2,7,80,103298709,200,2276,576,336,100,0,0,0,0,0,0,0,0,0,0,0,0,0,0,0,0,0,0,0,0,0,0,0,0,0,0
//1983,Shichibi,Shichibi,Shichibi,999,261000000,1,100000,500,5,60000,60000,65,75,650,200,50,1000,800,150,10,12,2,0,40,103298709,150,480,840,432,100,0,0,0,0,0,0,0,0,0,0,0,0,0,0,0,0,0,0,0,0,0,0,0,0,0,0
//1738,Hachibi,Hachibi,Hachibi,999,273750000,1,100000,500,5,60000,60000,65,75,750,200,50,1000,800,200,10,12,2,7,80,103298709,200,523,360,360,100,0,0,0,0,0,0,0,0,0,0,0,0,0,0,0,0,0,0,0,0,0,0,0,0,0,0
//1086,Kyuubi,Kyuubi,Kyuubi,999,285000000,1,100000,500,5,60000,60000,65,75,700,200,50,1000,800,200,10,12,2,7,80,103298709,200,523,360,360,100,0,0,0,0,0,0,0,0,0,0,0,0,0,0,0,0,0,0,0,0,0,0,0,0,0,0

// ---------------------------------------------------------------------------------------------------------------------------
// Portões
2001,BARRICADE,Portão 1,Portão 1,999,3000,0,0,0,1,0,0,0,0,1,17,1,80,126,20,10,12,2,0,89,70713376,300,1288,288,384,0,0,0,0,0,0,0,0,0,0,0,0,0,0,0,0,0,0,0,0,0,0,0,0,0,0,0
2002,BARRICADE,Portão 2,Portão 2,999,3500,0,0,0,1,0,0,0,0,1,17,1,80,126,20,10,12,2,0,89,70713376,300,1288,288,384,0,0,0,0,0,0,0,0,0,0,0,0,0,0,0,0,0,0,0,0,0,0,0,0,0,0,0
2003,BARRICADE,Portão 3,Portão 3,999,4000,0,0,0,1,0,0,0,0,1,17,1,80,126,20,10,12,2,0,89,70713376,300,1288,288,384,0,0,0,0,0,0,0,0,0,0,0,0,0,0,0,0,0,0,0,0,0,0,0,0,0,0,0
2004,BARRICADE,Portão 4,Portão 4,999,4500,0,0,0,1,0,0,0,0,1,17,1,80,126,20,10,12,2,0,89,70713376,300,1288,288,384,0,0,0,0,0,0,0,0,0,0,0,0,0,0,0,0,0,0,0,0,0,0,0,0,0,0,0
2005,BARRICADE,Portão 5,Portão 5,999,5000,0,0,0,1,0,0,0,0,1,17,1,80,126,20,10,12,2,0,89,70713376,300,1288,288,384,0,0,0,0,0,0,0,0,0,0,0,0,0,0,0,0,0,0,0,0,0,0,0,0,0,0,0
2006,BARRICADE,Portão 6,Portão 6,999,5500,0,0,0,1,0,0,0,0,1,17,1,80,126,20,10,12,2,0,89,70713376,300,1288,288,384,0,0,0,0,0,0,0,0,0,0,0,0,0,0,0,0,0,0,0,0,0,0,0,0,0,0,0

// ---------------------------------------------------------------------------------------------------------------------------
// Aldeia
1694,Aldeia,Aldeia,Aldeia,99,10000,0,2200,2100,3,0,0,0,0,0,0,0,0,0,0,10,12,2,7,89,70713376,100,608,1440,576,0,0,0,0,0,0,0,0,0,0,0,0,0,0,0,0,0,0,0,0,0,0,0,0,0,0,0

// Edificios
1330,prediokonoha1,prediokonoha,prediokonoha,999,600000000,1,0,0,1,60,71,40,50,1,17,80,50,26,20,10,12,0,8,26,0x6200000,300,1288,288,384,0,0,0,0,0,0,0,0,0,0,0,0,0,0,0,0,0,0,0,0,0,0,0,0,0,0,0
1331,prediokonoha2,prediokonoha2,prediokonoha2,999,600000000,0,0,0,10,0,0,50,50,1,1,3000,1,1,1,10,12,2,8,26,0x6200000,50,608,1440,576,0,0,0,0,0,0,0,0,0,0,0,0,0,0,0,0,0,0,0,0,0,0,0,0,0,0,0
1332,prediokonoha3,prediokonoha3,prediokonoha3,999,600000000,0,0,0,10,0,0,50,50,1,1,1,15000,1,1,10,12,2,8,26,0x6200000,50,608,1440,576,0,0,0,0,0,0,0,0,0,0,0,0,0,0,0,0,0,0,0,0,0,0,0,0,0,0,0

1333,prediosuna1,prediosuna1,prediosuna1,999,600000000,1,0,0,1,60,71,40,50,1,17,80,50,26,20,10,12,0,8,26,0x6200000,300,1288,288,384,0,0,0,0,0,0,0,0,0,0,0,0,0,0,0,0,0,0,0,0,0,0,0,0,0,0,0
1334,prediosuna2,prediosuna2,prediosuna2,999,600000000,0,0,0,10,0,0,50,50,1,1,3000,1,1,1,10,12,2,8,26,0x6200000,50,608,1440,576,0,0,0,0,0,0,0,0,0,0,0,0,0,0,0,0,0,0,0,0,0,0,0,0,0,0,0
1335,prediosuna3,prediosuna3,prediosuna3,999,600000000,0,0,0,10,0,0,50,50,1,1,1,15000,1,1,10,12,2,8,26,0x6200000,50,608,1440,576,0,0,0,0,0,0,0,0,0,0,0,0,0,0,0,0,0,0,0,0,0,0,0,0,0,0,0

1336,predionevoa1,predionevoa1,predionevoa1,999,600000000,1,0,0,1,60,71,40,50,1,17,80,50,26,20,10,12,0,8,26,0x6200000,300,1288,288,384,0,0,0,0,0,0,0,0,0,0,0,0,0,0,0,0,0,0,0,0,0,0,0,0,0,0,0
1337,predionevoa2,predionevoa2,predionevoa2,999,600000000,0,0,0,10,0,0,50,50,1,1,3000,1,1,1,10,12,2,8,26,0x6200000,50,608,1440,576,0,0,0,0,0,0,0,0,0,0,0,0,0,0,0,0,0,0,0,0,0,0,0,0,0,0,0
1338,predionevoa3,predionevoa3,predionevoa3,999,600000000,0,0,0,10,0,0,50,50,1,1,1,15000,1,1,10,12,2,8,26,0x6200000,50,608,1440,576,0,0,0,0,0,0,0,0,0,0,0,0,0,0,0,0,0,0,0,0,0,0,0,0,0,0,0

1339,predionuvem1,predionuvem1,predionuvem1,999,600000000,1,0,0,1,60,71,40,50,1,17,80,50,26,20,10,12,0,8,26,0x6200000,300,1288,288,384,0,0,0,0,0,0,0,0,0,0,0,0,0,0,0,0,0,0,0,0,0,0,0,0,0,0,0
1340,predionuvem2,predionuvem2,predionuvem2,999,600000000,0,0,0,10,0,0,50,50,1,1,3000,1,1,1,10,12,2,8,26,0x6200000,50,608,1440,576,0,0,0,0,0,0,0,0,0,0,0,0,0,0,0,0,0,0,0,0,0,0,0,0,0,0,0
1341,predionuvem3,predionuvem3,predionuvem3,999,600000000,0,0,0,10,0,0,50,50,1,1,1,15000,1,1,10,12,2,8,26,0x6200000,50,608,1440,576,0,0,0,0,0,0,0,0,0,0,0,0,0,0,0,0,0,0,0,0,0,0,0,0,0,0,0

// Guardião
// 1576,Guardiao_Konoha,Guardião da Torre,Guardião da Torre,999,20000000,0,0,0,10,21189,22289,35,40,1200,200,1600,300,700,700,12,15,2,2,80,0x3695,200,3,1152,700,0,0,0,0,0,0,0,0,0,0,0,0,0,0,0,0,0,0,0,0,0,0,0,0,0,0,0
// 1779,Guardiao_Konoha,Guardião Taijutsu,Guardião Taijutsu,999,15000000,0,0,0,2,21189,22289,30,20,200,300,150,150,800,1500,3,15,2,2,80,0x985,150,3,1152,700,0,0,0,0,0,0,0,0,0,0,0,0,0,0,0,0,0,0,0,0,0,0,0,0,0,0,0
// 1450,Guardiao_Konoha,Guardião Ninjutsu,Guardião Ninjutsu,999,12500000,0,0,0,6,21189,22289,15,35,300,300,150,300,2000,2000,8,10,2,2,80,0x985,300,3,1152,700,0,0,0,0,0,0,0,0,0,0,0,0,0,0,0,0,0,0,0,0,0,0,0,0,0,0,0
// 1456,Guardiao_Konoha,Guardião Genjutsu,Guardião Genjutsu,999,10000000,0,0,0,3,21189,22289,5,10,300,300,150,500,3000,500,6,10,2,2,80,0x985,300,3,1152,700,0,0,0,0,0,0,0,0,0,0,0,0,0,0,0,0,0,0,0,0,0,0,0,0,0,0,0

// 1045,Guardiao_Suna,Guardião da Torre,Guardião da Torre,999,20000000,0,0,0,10,21189,22289,35,40,1200,200,100,300,700,700,12,15,2,2,80,0x4083295,200,3,1152,700,0,0,0,0,0,0,0,0,0,0,0,0,0,0,0,0,0,0,0,0,0,0,0,0,0,0,0
// 1061,Guardiao_Suna,Guardião Taijutsu,Guardião Taijutsu,999,15000000,0,0,0,2,21189,22289,30,20,200,300,150,150,800,1500,3,15,2,2,80,0x985,150,3,1152,700,0,0,0,0,0,0,0,0,0,0,0,0,0,0,0,0,0,0,0,0,0,0,0,0,0,0,0
// 1063,Guardiao_Suna,Guardião Ninjutsu,Guardião Ninjutsu,999,12500000,0,0,0,6,21189,22289,15,35,300,300,150,300,2000,2000,8,10,2,2,80,0x985,300,3,1152,700,0,0,0,0,0,0,0,0,0,0,0,0,0,0,0,0,0,0,0,0,0,0,0,0,0,0,0
// 1064,Guardiao_Suna,Guardião Genjutsu,Guardião Genjutsu,999,10000000,0,0,0,3,21189,22289,5,10,300,300,150,500,3000,500,6,10,2,2,80,0x985,300,3,1152,700,0,0,0,0,0,0,0,0,0,0,0,0,0,0,0,0,0,0,0,0,0,0,0,0,0,0,0

// 1069,Guardiao_Nevoa,Guardião da Torre,Guardião da Torre,999,20000000,0,0,0,10,21189,22289,35,40,1200,200,100,300,700,700,12,15,2,2,80,0x4083295,200,3,1152,700,0,0,0,0,0,0,0,0,0,0,0,0,0,0,0,0,0,0,0,0,0,0,0,0,0,0,0
// 1071,Guardiao_Nevoa,Guardião Taijutsu,Guardião Taijutsu,999,15000000,0,0,0,2,21189,22289,30,20,200,300,150,150,800,1500,3,15,2,2,80,0x985,150,3,1152,700,0,0,0,0,0,0,0,0,0,0,0,0,0,0,0,0,0,0,0,0,0,0,0,0,0,0,0
// 1076,Guardiao_Nevoa,Guardião Ninjutsu,Guardião Ninjutsu,999,12500000,0,0,0,6,21189,22289,15,35,300,300,150,300,2000,2000,8,10,2,2,80,0x985,300,3,1152,700,0,0,0,0,0,0,0,0,0,0,0,0,0,0,0,0,0,0,0,0,0,0,0,0,0,0,0
// 1085,Guardiao_Nevoa,Guardião Genjutsu,Guardião Genjutsu,999,10000000,0,0,0,3,21189,22289,5,10,300,300,150,500,3000,500,6,10,2,2,80,0x985,300,3,1152,700,0,0,0,0,0,0,0,0,0,0,0,0,0,0,0,0,0,0,0,0,0,0,0,0,0,0,0

// 1001,Guardiao_Nuvem,Guardião da Torre,Guardião da Torre,999,20000000,0,0,0,10,21189,22289,35,40,1200,200,100,300,700,700,12,15,2,2,80,0x4083295,200,3,1152,700,0,0,0,0,0,0,0,0,0,0,0,0,0,0,0,0,0,0,0,0,0,0,0,0,0,0,0
// 1003,Guardiao_Nuvem,Guardião Taijutsu,Guardião Taijutsu,999,15000000,0,0,0,2,21189,22289,30,20,200,300,150,150,800,1500,3,15,2,2,80,0x985,150,3,1152,700,0,0,0,0,0,0,0,0,0,0,0,0,0,0,0,0,0,0,0,0,0,0,0,0,0,0,0
// 1008,Guardiao_Nuvem,Guardião Ninjutsu,Guardião Ninjutsu,999,12500000,0,0,0,6,21189,22289,15,35,300,300,150,300,2000,2000,8,10,2,2,80,0x985,300,3,1152,700,0,0,0,0,0,0,0,0,0,0,0,0,0,0,0,0,0,0,0,0,0,0,0,0,0,0,0
// 1013,Guardiao_Nuvem,Guardião Genjutsu,Guardião Genjutsu,999,10000000,0,0,0,3,21189,22289,5,10,300,300,150,500,3000,500,6,10,2,2,80,0x985,300,3,1152,700,0,0,0,0,0,0,0,0,0,0,0,0,0,0,0,0,0,0,0,0,0,0,0,0,0,0,0

// ---------------------------------------------------------------------------------------------------------------------------

// Battleground
1909,OBJ_A,Food Storage,Food Storage,999,250,0,0,0,0,1,2,100,99,1,1,1,1,1,1,0,0,2,0,20,0x6370000,300,1288,288,384,0,0,0,0,0,0,0,0,0,0,0,0,0,0,0,0,0,0,0,0,0,0,0,0,0,0,0
1910,OBJ_B,Food Depot,Food Depot,999,250,0,0,0,0,1,2,100,99,1,1,1,1,1,1,0,0,2,0,20,0x6370000,300,1288,288,384,0,0,0,0,0,0,0,0,0,0,0,0,0,0,0,0,0,0,0,0,0,0,0,0,0,0,0
1914,OBJ_A2,Bandeira,Bandeira,1,26000000,0,0,0,1,7,10,0,5,1,1,1,1,6,30,10,12,1,3,86,0x120,400,1872,672,480,0,0,0,0,0,0,0,0,0,0,0,0,0,0,0,0,0,0,0,0,0,0,0,0,0,0,0
1915,OBJ_B2,Bandeira,Bandeira,1,26000000,0,0,0,1,7,10,0,5,1,1,1,1,6,30,10,12,1,3,86,0x120,400,1872,672,480,0,0,0,0,0,0,0,0,0,0,0,0,0,0,0,0,0,0,0,0,0,0,0,0,0,0,0
1949,B_S_GUARDIAN,Guardião,Guardião,999,4000000,0,0,0,6,25189,26289,95,50,2300,350,100,1150,3000,3000,15,20,1,7,66,0x39AD,100,10,1152,700,0,0,0,0,0,0,0,0,0,0,0,0,0,0,0,0,0,0,0,0,0,0,0,0,0,0,0
1950,B_S_GUARDIAN,Guardião,Guardião,999,4000000,0,0,0,6,25189,26289,95,50,2300,350,100,1150,3000,3000,15,20,1,7,66,0x39AD,100,10,1152,700,0,0,0,0,0,0,0,0,0,0,0,0,0,0,0,0,0,0,0,0,0,0,0,0,0,0,0

// ---------------------------------------------------------------------------------------------------------------------------

// Mobs Filds

1656,Genin,Genin,Genin,350,80000,0,10000,60,1,9000,10000,10,10,210,100,210,150,210,20,10,12,1,2,20,0x281,150,1148,1728,864,0,0,0,0,0,0,0,0,0,0,0,0,0,0,0,0,0,0,0,0,0,0,0,0,0,0,0
1636,Chunin,Chunin,Chunin,550,150000,0,15000,100,1,15000,18000,10,10,300,150,300,100,200,30,10,12,1,2,20,0x1481,200,2000,1000,500,0,0,0,0,0,0,0,0,0,0,0,0,0,0,0,0,0,0,0,0,0,0,0,0,0,0,0
1634,Jounin,Jounin,Jounin,999,1000000,0,50000,300,1,46000,56000,50,50,400,300,300,400,500,600,10,12,1,2,20,0x79F,170,76,200,288,0,0,0,0,0,0,0,738,100,0,0,0,0,0,0,0,0,0,0,0,0,0,0,0,0,0,0

1839,BYORGUE,Byorgue,Byorgue,999,1300000,0,50000,300,1,46000,56000,50,50,400,300,300,300,500,600,10,12,1,2,20,0x3085,300,1772,72,384,0,0,0,0,0,0,0,746,100,0,0,0,0,0,0,0,0,0,0,0,0,0,0,0,0,0,0

1401,SHINOBI,Shinobi,Shinobi,999,1300000,0,50000,300,1,46000,56000,50,50,400,300,300,300,500,600,10,12,1,2,20,0x3695,150,1003,1152,336,0,0,0,0,0,0,0,742,100,0,0,0,0,0,0,0,0,0,0,0,0,0,0,0,0,0,0

1373,BANDIDO,Bandido,Bandido,999,1300000,0,50000,1,1,1000,2500,50,50,200,150,200,400,500,600,10,12,1,7,60,0x3695,165,1380,1080,336,0,0,0,0,0,0,0,744,100,0,0,0,0,0,0,0,0,0,0,0,0,0,0,1314,10000,0,0

1635,Anbu,Anbu,Anbu,999,1300000,0,50000,300,1,46000,56000,60,50,400,300,300,400,800,600,10,12,1,2,20,0x3695,180,76,400,288,0,0,0,0,0,0,0,740,100,0,0,0,0,0,0,0,0,0,0,0,0,0,0,1314,10000,0,0
1992,Capitao_Anbu,Capitão Anbu,Capitão Anbu,999,1300000,0,50000,300,1,46000,56000,60,50,450,300,300,450,500,600,10,12,1,2,20,0x3695,165,1543,400,480,0,0,0,0,0,0,0,747,100,0,0,0,0,0,0,0,0,0,0,0,0,0,0,1314,10000,0,0

//-----------------------------------------
//Taka
1996,Juugo,Juugo,Juugo,999,1300000,0,50000,0,1,30000,35000,50,50,400,300,300,400,600,600,10,12,1,7,80,0x3695,180,624,400,240,0,0,0,0,0,0,0,741,100,0,0,0,0,0,0,0,0,0,0,0,0,0,0,0,0,0,0
1997,Karin,Karin,Karin,999,1300000,0,50000,0,1,30000,31000,50,50,250,300,300,400,600,600,10,12,1,7,80,0x3695,180,816,816,288,0,0,0,0,0,0,0,743,100,0,0,0,0,0,0,0,0,0,0,0,0,0,0,0,0,0,0
1998,Suigetsu,Suigetsu,Suigetsu,999,1300000,0,50000,0,1,30000,60000,50,50,400,300,300,400,600,600,10,12,1,7,81,0x3695,180,480,480,480,0,0,0,0,0,0,0,745,100,0,0,0,0,0,0,0,0,0,0,0,0,0,0,0,0,0,0
1999,Sasuke,Sasuke,Sasuke,999,1300000,0,50000,0,1,30000,35000,50,50,400,300,300,400,600,600,10,12,1,7,80,0x3695,180,480,480,120,0,0,0,0,0,0,0,739,100,0,0,0,0,0,0,0,0,0,0,0,0,0,0,0,0,0,0

//--- Mobs Kuchy
1034,Girino2,Girino,Girino,15,50,0,0,0,1,5,7,0,5,3,3,3,0,15,15,10,12,0,2,21,0x81,200,2016,816,288,0,0,0,0,0,0,0,0,0,0,0,0,0,0,0,0,0,0,0,0,0,0,0,736,75,0,0
1783,Filhote_Katsuyo2,Filhote de Katsuyo,Filhote de Katsuyo,15,70,0,0,0,1,8,10,10,10,12,12,12,12,24,21,10,12,0,2,20,0x3289,150,1872,672,480,0,0,0,0,0,0,0,0,0,0,0,0,0,0,0,0,0,0,0,0,0,0,0,736,75,0,0
1037,Jya,Filhote de Cobra,Filhote de Cobra,15,45,0,0,0,1,6,8,0,0,6,6,6,6,18,18,10,12,0,2,20,0x91,200,1576,576,576,0,0,0,0,0,0,0,0,0,0,0,0,0,0,0,0,0,0,0,0,0,0,0,736,75,0,0
1214,Onba2,Onbba,Onbba,15,55,0,0,0,1,12,14,0,15,18,6,18,18,30,24,10,12,1,7,80,0x3681,200,1500,500,0,0,0,0,0,0,0,0,0,0,0,0,0,0,0,0,0,0,0,0,0,0,0,0,0,0,0,0
1212,Akino2,Akino,Akino,15,50,0,0,0,1,10,12,0,10,15,6,15,0,30,21,10,12,0,2,20,0x3281,350,1500,680,500,0,0,0,0,0,0,0,0,0,0,0,0,0,0,0,0,0,0,0,0,0,0,0,736,75,0,0
1006,Filhote_de_Tartaruga,Filhote de Tartaruga,Filhote de Tartaruga,15,50,0,0,0,1,10,12,0,10,15,6,15,0,30,21,10,12,0,2,20,0x3281,350,1500,680,500,0,0,0,0,0,0,0,0,0,0,0,0,0,0,0,0,0,0,0,0,0,0,0,736,75,0,0
1017,Filhote_de_Aranha,Filhote de Aranha,Filhote de Aranha,15,50,0,0,0,1,10,12,0,10,15,6,15,0,30,21,10,12,0,2,20,0x3281,350,1500,680,500,0,0,0,0,0,0,0,0,0,0,0,0,0,0,0,0,0,0,0,0,0,0,0,0,0,0,0

1402,Gama-Kichi2,Gama-Kichi,Gama-Kichi,900,500000,0,40000,300,1,160,180,10,10,210,100,210,150,210,20,10,12,1,2,20,0x281,160,1148,1728,864,0,0,0,0,0,0,0,0,0,0,0,0,0,0,0,0,0,0,0,0,0,0,0,755,30,0,0
1031,Namekuji2,Namekuji,Namekuji,900,500000,0,40000,300,1,110,130,5,5,140,140,75,75,75,75,10,12,1,2,20,0x3081,300,1672,672,480,0,0,0,0,0,0,0,0,0,0,0,0,0,0,0,0,0,0,0,0,0,0,0,755,30,0,0
1025,Kyodaija2,Kyodaija,Kyodaija,900,500000,0,40000,300,1,162,182,10,10,210,100,210,210,210,210,10,12,1,2,20,0xA95,200,1576,576,576,0,0,0,0,0,0,0,0,0,0,0,0,0,0,0,0,0,0,0,0,0,0,0,755,30,0,0
1628,Saru2,Saru,Saru,900,500000,0,40000,300,1,170,190,10,10,210,210,210,210,210,210,10,12,0,2,20,0x3081,300,140,578,504,0,0,0,0,0,0,0,0,0,0,0,0,0,0,0,0,0,0,0,0,0,0,0,755,30,0,0
1296,Pakkun2,Pakkun,Pakkun,900,500000,0,40000,300,1,172,192,10,10,210,210,210,210,210,210,10,12,0,2,20,0x3085,200,2016,816,288,0,0,0,0,0,0,0,0,0,0,0,0,0,0,0,0,0,0,0,0,0,0,0,755,30,0,0
1021,Tartaruga2,Tartaruga,Tartaruga,900,500000,0,40000,300,1,172,192,10,10,210,210,210,210,210,210,10,12,0,2,20,0x3085,200,2016,816,288,0,0,0,0,0,0,0,0,0,0,0,0,0,0,0,0,0,0,0,0,0,0,0,755,30,0,0
1023,Aranha2,Aranha,Aranha,900,500000,0,40000,300,1,172,192,10,10,210,210,210,210,210,210,10,12,0,2,20,0x3085,200,2016,816,288,0,0,0,0,0,0,0,0,0,0,0,0,0,0,0,0,0,0,0,0,0,0,0,755,30,0,0

1089,Gama-Bunta2,Gama-Bunta,Gama-Bunta,999,1500000,0,50000,1,2,14000,16000,20,35,400,400,1,850,586,400,10,10,2,2,61,0x195,120,200,1236,336,0,0,0,0,0,0,0,0,0,0,0,0,0,0,0,0,0,0,0,0,0,0,0,0,0,0,0
1381,Katsuyo2,Katsuyo,Katsuyo,999,1500000,1,50000,1,1,6220,8040,35,45,600,300,1,400,400,400,10,12,2,2,20,0x595,165,1492,1092,192,0,0,0,0,0,0,0,0,0,0,0,0,0,0,0,0,0,0,0,0,0,0,0,0,0,0,0
1418,Manda2,Manda,Manda,999,1500000,0,50000,1,1,6220,8040,35,45,600,400,1,400,400,400,10,12,2,2,20,0x3795,200,588,816,420,0,0,0,0,0,0,0,0,0,0,0,0,0,0,0,0,0,0,0,0,0,0,0,0,0,0,0
1057,Enma2,Enma,Enma,999,1500000,0,50000,1,1,7822,8251,66,36,400,300,300,300,300,300,10,12,2,2,20,0xF9F,200,1054,54,384,0,0,0,0,0,0,0,0,0,0,0,0,0,0,0,0,0,0,0,0,0,0,0,0,0,0,0
1032,Baru2,Baru,Baru,999,1500000,0,50000,1,1,6220,8040,67,40,401,300,1,300,300,300,10,12,1,2,20,0x3585,240,76,384,288,0,0,0,0,0,0,0,0,0,0,0,0,0,0,0,0,0,0,0,0,0,0,0,0,0,0,0
1026,Ninkame2,Ninkame,Ninkame,999,1500000,0,50000,1,1,6220,8040,67,40,401,300,1,300,300,300,10,12,1,2,20,0x3585,240,76,384,288,0,0,0,0,0,0,0,0,0,0,0,0,0,0,0,0,0,0,0,0,0,0,0,0,0,0,0
1027,Kyodaigumo2,Kyodaigumo,Kyodaigumo,999,1500000,0,50000,1,1,6220,8040,67,40,401,300,1,300,300,300,10,12,1,2,20,0x3585,240,76,384,288,0,0,0,0,0,0,0,0,0,0,0,0,0,0,0,0,0,0,0,0,0,0,0,0,0,0,0

//Mobs bingo book
1244,NUKENIN_ASSASSINO,Nukenin Rank E,Nukenin Rank E,999,5000000,0,0,0,2,21189,22289,50,60,1200,50,100,600,2000,3000,12,15,1,7,26,0x6283695,200,10,1152,700,0,0,0,0,0,0,0,0,0,0,0,0,0,0,0,0,0,0,0,0,0,0,0,0,0,0,0
1245,NUKENIN_ASSASSINO,Nukenin Rank D,Nukenin Rank D,999,10000000,0,0,0,2,22189,23289,50,60,1500,50,100,700,3000,3000,12,15,1,7,66,0x6283695,170,10,1152,700,0,0,0,0,0,0,0,0,0,0,0,0,0,0,0,0,0,0,0,0,0,0,0,0,0,0,0
1246,NUKENIN_ASSASSINO,Nukenin Rank C,Nukenin Rank C,999,25000000,0,0,0,2,23189,24289,50,60,1700,50,100,800,3000,3000,12,15,1,7,66,0x6283695,170,10,1152,700,0,0,0,0,0,0,0,0,0,0,0,0,0,0,0,0,0,0,0,0,0,0,0,0,0,0,0
1247,NUKENIN_ASSASSINO,Nukenin Rank B,Nukenin Rank B,999,50000000,0,0,0,2,24189,25289,50,60,1900,50,100,850,3000,3000,15,20,1,7,66,0x6283695,150,10,1152,700,0,0,0,0,0,0,0,0,0,0,0,0,0,0,0,0,0,0,0,0,0,0,0,0,0,0,0
1248,NUKENIN_ASSASSINO,Nukenin Rank A,Nukenin Rank A,999,100000000,0,0,0,2,25189,26289,50,60,2100,50,100,950,3000,3000,15,20,1,7,66,0x6283695,150,10,1152,700,0,0,0,0,0,0,0,0,0,0,0,0,0,0,0,0,0,0,0,0,0,0,0,0,0,0,0
1249,NUKENIN_ASSASSINO,Nukenin Rank S,Nukenin Rank S,999,200000000,0,0,0,6,25189,26289,50,60,2300,50,100,1150,3000,3000,15,20,1,7,66,0x6283695,100,10,1152,700,0,0,0,0,0,0,0,0,0,0,0,0,0,0,0,0,0,0,0,0,0,0,0,0,0,0,0
1250,NUKENIN_ASSASSINO,Nukenin Rank SS,Nukenin Rank SS,999,1000000000,0,0,0,9,28189,29289,50,60,2700,50,100,1350,3000,5000,15,20,1,7,66,0x6283695,75,10,1152,700,0,0,0,0,0,0,0,0,0,0,0,0,0,0,0,0,0,0,0,0,0,0,0,0,0,0,0


// Poring Premiado	
1251,Poring_Ninja_Konoha,Poring Ninja Konoha,Poring Ninja Konoha,1,60,1,27,20,1,8,9,2,5,6,1,1,0,6,5,10,12,1,3,21,0x3,400,1872,672,480,0,0,0,0,0,0,0,0,0,0,0,0,0,0,0,0,0,0,0,0,0,0,0,0,0,0,0
1254,Poring_Ninja_Nevoa,Poring Ninja Nevoa,Poring Ninja Nevoa,1,60,1,27,20,1,8,9,2,5,6,1,1,0,6,5,10,12,1,3,21,0x3,400,1872,672,480,0,0,0,0,0,0,0,0,0,0,0,0,0,0,0,0,0,0,0,0,0,0,0,0,0,0,0

// Bau Devil Square
1360,TREASURE_BOX1,Treasure Chest,Treasure Chest,99,0,0,0,0,0,0,0,0,0,0,0,0,0,999,0,0,0,0,0,20,0x6200000,0,0,0,0,0,0,0,0,0,0,0,0,0,0,0,0,0,900,1000,7017,1500,3051,2000,734,10000,730,10000,0,0,0,0

//--------------------------------------------------------------------------------------------------------------------------------------------------------------------------------------
// Dungeon do Gelo
1257,Ice_Guardian,Ice Guardian,Ice Guardian,999,1000000,0,50000,300,1,46000,56000,50,50,400,300,300,300,500,600,10,12,1,2,20,0x3695,150,1003,1152,336,0,0,0,0,0,0,0,766,1000,0,0,0,0,0,0,0,0,0,0,0,0,0,0,0,0,0,0
1258,Gazeti,Gazeti,Gazeti,999,1000000,0,50000,300,4,46000,56000,50,50,400,300,300,300,500,600,10,12,1,2,20,0x3695,150,1003,1152,336,0,0,0,0,0,0,0,766,1000,0,0,0,0,0,0,0,0,0,0,0,0,0,0,0,0,0,0
//
1260,Ice_Knight,Ice Knight,Ice Knight,999,1000000,0,50000,300,1,46000,56000,50,50,400,300,300,300,500,600,10,12,1,2,20,0x3695,150,1003,1152,336,0,0,0,0,0,0,0,0,0,0,0,0,0,0,0,0,0,0,0,0,0,0,0,7015,500,0,0
1262,Queen_Guardian,Queen Guardian,Queen Guardian,999,30000000,0,50000,300,1,46000,56000,50,50,400,300,300,300,500,600,10,12,1,2,20,0x6283695,150,1003,1152,336,10,0,0,0,0,0,0,768,4000,7015,10000,0,0,0,0,0,0,0,0,0,0,0,0,0,0,0,0

//--------------------------------------------------------------------------------------------------------------------------------------------------------------------------------------
// Dungeon do Fogo
1264,Fire_Moth,Fire Moth,Fire Moth,999,1000000,0,50000,300,1,46000,56000,50,50,400,300,300,300,500,600,10,12,1,2,20,0x3695,150,1003,1152,336,0,0,0,0,0,0,0,763,1000,0,0,0,0,0,0,0,0,0,0,0,0,0,0,0,0,0,0
1265,Salamander,Salamander,Salamander,999,1000000,0,50000,300,1,46000,56000,50,50,400,300,300,300,500,600,10,12,1,2,20,0x3695,150,1003,1152,336,0,0,0,0,0,0,0,763,1000,0,0,0,0,0,0,0,0,0,0,0,0,0,0,0,0,0,0
//
1266,Flame_Baby,Flame Baby,Flame Baby,999,1000000,0,50000,300,1,46000,56000,50,50,400,300,300,300,500,600,10,12,1,2,20,0x3695,150,1003,1152,336,0,0,0,0,0,0,0,0,0,0,0,0,0,0,0,0,0,0,0,0,0,0,0,7015,500,0,0
1267,Flame_Fang,Flame Fang,Flame Fang,999,30000000,0,50000,300,1,46000,56000,50,50,400,300,300,300,500,600,10,12,1,2,20,0x6283695,150,1003,1152,336,10,0,0,0,0,0,0,765,4000,7015,10000,0,0,0,0,0,0,0,0,0,0,0,0,0,0,0,0

//--------------------------------------------------------------------------------------------------------------------------------------------------------------------------------------
// Dungeon do Luz
1268,Plasma,Plasma,Plasma,999,1000000,0,50000,300,1,46000,56000,50,50,400,300,300,300,500,600,10,12,1,2,20,0x3695,150,1003,1152,336,0,0,0,0,0,0,0,760,1000,0,0,0,0,0,0,0,0,0,0,0,0,0,0,0,0,0,0
1269,Cornus,Cornus,Cornus,999,1000000,0,50000,300,1,46000,56000,50,50,400,300,300,300,500,600,10,12,1,2,20,0x3695,150,1003,1152,336,0,0,0,0,0,0,0,760,1000,0,0,0,0,0,0,0,0,0,0,0,0,0,0,0,0,0,0
//
1270,Angel,Angel,Angel,999,1000000,0,50000,300,1,46000,56000,50,50,400,300,300,300,500,600,10,12,1,2,20,0x3695,150,1003,1152,336,0,0,0,0,0,0,0,0,0,0,0,0,0,0,0,0,0,0,0,0,0,0,0,7015,500,0,0
1272,Light_Guardian,Light Guardian,Light Guardian,999,30000000,0,50000,300,1,46000,56000,50,50,400,300,300,300,500,600,10,12,1,2,20,0x6283695,150,1003,1152,336,10,0,0,0,0,0,0,762,4000,7015,10000,0,0,0,0,0,0,0,0,0,0,0,0,0,0,0,0
	
//--------------------------------------------------------------------------------------------------------------------------------------------------------------------------------------
// Dungeon do Céu
1273,Cucool,Cucool,Cucool,999,1000000,0,50000,300,1,46000,56000,50,50,400,300,300,300,500,600,10,12,1,2,20,0x3695,150,1003,1152,336,0,0,0,0,0,0,0,772,1000,0,0,0,0,0,0,0,0,0,0,0,0,0,0,0,0,0,0
1274,Acidus,Acidus,Acidus,999,1000000,0,50000,300,1,46000,56000,50,50,400,300,300,300,500,600,10,12,1,2,20,0x3695,150,1003,1152,336,0,0,0,0,0,0,0,772,1000,0,0,0,0,0,0,0,0,0,0,0,0,0,0,0,0,0,0
//
1277,Spicy_Dragon,Spicy Dragon,Spicy Dragon,999,1000000,0,50000,300,1,46000,56000,50,50,400,300,300,300,500,600,10,12,1,2,20,0x3695,150,1003,1152,336,0,0,0,0,0,0,0,0,0,0,0,0,0,0,0,0,0,0,0,0,0,0,0,7015,500,0,0
1280,Sky_Guardian,Sky Guardian,Sky Guardian,999,30000000,0,50000,300,1,46000,56000,50,50,400,300,300,300,500,600,10,12,1,2,20,0x6283695,150,1003,1152,336,10,0,0,0,0,0,0,774,4000,7015,10000,0,0,0,0,0,0,0,0,0,0,0,0,0,0,0,0

//--------------------------------------------------------------------------------------------------------------------------------------------------------------------------------------
// Dungeon do Escuridão
1281,Bahamoth,Bahamoth,Bahamoth,999,1000000,0,50000,300,1,46000,56000,50,50,400,300,300,300,500,600,10,12,1,2,20,0x3695,150,1003,1152,336,0,0,0,0,0,0,0,757,1000,0,0,0,0,0,0,0,0,0,0,0,0,0,0,0,0,0,0
1282,Addax,Addax,Addax,999,1000000,0,50000,300,1,46000,56000,50,50,400,300,300,300,500,600,10,12,1,2,20,0x3695,150,1003,1152,336,0,0,0,0,0,0,0,757,1000,0,0,0,0,0,0,0,0,0,0,0,0,0,0,0,0,0,0
//
1283,Death,Death,Death,999,1000000,0,50000,300,1,46000,56000,50,50,400,300,300,300,500,600,10,12,1,2,20,0x3695,150,1003,1152,336,0,0,0,0,0,0,0,0,0,0,0,0,0,0,0,0,0,0,0,0,0,0,0,7015,500,0,0
1284,Kades,Kades,Kades,999,30000000,0,50000,300,1,46000,56000,50,50,400,300,300,300,500,600,10,12,1,2,20,0x6283695,150,1003,1152,336,10,0,0,0,0,0,0,759,4000,7015,10000,0,0,0,0,0,0,0,0,0,0,0,0,0,0,0,0

//--------------------------------------------------------------------------------------------------------------------------------------------------------------------------------------
// Dungeon do Agua
1285,Think,Think,Think,999,1000000,0,50000,300,1,46000,56000,50,50,400,300,300,300,500,600,10,12,1,2,20,0x3695,150,1003,1152,336,0,0,0,0,0,0,0,769,1000,0,0,0,0,0,0,0,0,0,0,0,0,0,0,0,0,0,0
1286,Bell,Bell,Bell,999,1000000,0,50000,300,1,46000,56000,50,50,400,300,300,300,500,600,10,12,1,2,20,0x3695,150,1003,1152,336,0,0,0,0,0,0,0,769,1000,0,0,0,0,0,0,0,0,0,0,0,0,0,0,0,0,0,0
//
1287,Predator,Predator,Predator,999,1000000,0,50000,300,1,46000,56000,50,50,400,300,300,300,500,600,10,12,1,2,20,0x3695,150,1003,1152,336,0,0,0,0,0,0,0,0,0,0,0,0,0,0,0,0,0,0,0,0,0,0,0,7015,500,0,0
1289,Water_Guardian,Water Guardian,Water Guardian,999,30000000,0,50000,300,1,46000,56000,50,50,400,300,300,300,500,600,10,12,1,2,20,0x6283695,150,1003,1152,336,10,0,0,0,0,0,0,771,4000,7015,10000,0,0,0,0,0,0,0,0,0,0,0,0,0,0,0,0


// Evento Dia das Crianças
1307,Presente,Presente,Presente,1,1,0,0,1,1,0,0,0,0,0,0,0,0,0,0,10,12,2,7,89,1507329,240,76,384,288,0,0,0,0,0,0,0,0,0,0,0,0,0,0,0,0,0,0,0,1067,35,1068,2000,1066,2000,0,0
1743,G_MYSTCASE,Presente Amaldiçoado,Presente Amaldiçoado,999,10000000,0,50000,300,1,46000,56000,50,50,400,300,300,300,500,600,10,12,1,2,20,0x3695,150,1003,1152,336,0,0,0,0,0,0,0,0,0,0,0,0,0,0,0,0,0,0,0,0,0,0,0,0,0,0,0
1962,ANTONIO_,Noel Falso,Noel Falso,999,35000000,0,0,0,1,20000,24000,30,50,800,200,50,800,700,200,10,12,1,7,26,0x6283695,300,100,500,500,10,0,0,0,0,0,0,0,0,0,0,0,0,0,0,0,0,0,0,0,0,0,0,31183,100,0,0



//--------------------------------------------------------------------------------------------------------------------------------------------------------------------------------------
// MvP's
2249,Pyuriel,Pyuriel,Pyuriel,999,300000000,0,50000,300,1,28000,30000,50,50,400,300,300,500,500,600,10,12,1,2,20,0x6283695,150,1003,1152,336,1000,0,0,0,0,0,0,3055,10000,3056,10000,781,500,0,0,0,0,0,0,0,0,0,0,8002,10000,0,0
2253,Daehyon,Daehyon,Daehyon,999,300000000,0,50000,300,1,28000,30000,50,50,400,300,300,500,500,600,10,12,1,2,20,0x6283695,150,1003,1152,336,1000,0,0,0,0,0,0,3055,10000,3056,10000,781,500,0,0,0,0,0,0,0,0,0,0,8002,10000,0,0
3450,Bijou,Bijou,Bijou,999,300000000,0,50000,300,1,28000,30000,50,50,400,300,300,500,500,600,10,12,1,2,20,0x6283695,150,1003,1152,336,1000,0,0,0,0,0,0,3055,10000,3056,10000,781,500,0,0,0,0,0,0,0,0,0,0,8002,10000,0,0
3473,Stefan.J.E.Wolf,Stefan.J.E.Wolf,Stefan.J.E.Wolf,999,300000000,0,50000,300,1,28000,30000,50,50,400,300,300,500,500,600,10,12,1,2,20,0x6283695,150,1003,1152,336,1000,0,0,0,0,0,0,3055,10000,3056,10000,781,500,0,0,0,0,0,0,0,0,0,0,8002,10000,0,0
//
1785,Atroce,Atroce,Atroce,999,3000000,0,50000,300,3,23000,25000,50,50,400,300,300,300,500,600,10,12,1,2,20,0x3695,150,1003,1152,336,0,0,0,0,0,0,0,3055,200,0,0,0,0,0,0,0,0,0,0,0,0,0,0,756,200,0,0
1630,Lady_Branca,Lady Branca,Lady Branca,999,3000000,0,50000,300,3,46000,56000,50,50,400,300,300,300,500,600,10,12,1,2,20,0x3695,150,1003,1152,336,0,0,0,0,0,0,0,3055,200,0,0,0,0,0,0,0,0,0,0,0,0,0,0,756,200,0,0
3091,Brinaranea,Brinaranea,Brinaranea,999,3000000,0,50000,300,3,46000,56000,50,50,400,300,300,500,500,600,10,12,1,2,20,0x3695,150,1003,1152,336,0,0,0,0,0,0,0,3055,200,0,0,0,0,0,0,0,0,0,0,0,0,0,0,756,200,0,0
1885,Gopinich,Gopinich,Gopinich,999,3000000,0,50000,300,3,46000,56000,50,50,400,300,300,500,500,600,10,12,1,2,20,0x3695,150,1003,1152,336,0,0,0,0,0,0,0,3055,200,0,0,0,0,0,0,0,0,0,0,0,0,0,0,756,200,0,0
2110,Ifrit,Ifrit,Ifrit,999,3000000,0,50000,300,3,46000,56000,50,50,400,300,300,500,500,600,10,12,1,2,20,0x3695,150,1003,1152,336,0,0,0,0,0,0,0,3055,200,0,0,0,0,0,0,0,0,0,0,0,0,0,0,756,200,0,0
1542,Incantation_Samurai,Incantation Samurai,Incantation Samurai,999,3000000,0,50000,300,1,46000,56000,50,50,400,300,300,300,500,600,10,12,1,2,20,0x3695,150,1003,1152,336,0,0,0,0,0,0,0,3055,200,0,0,0,0,0,0,0,0,0,0,0,0,0,0,756,200,0,0
2156,Leak,Leak,Leak,999,3000000,0,50000,300,3,46000,56000,50,50,400,300,300,500,500,600,10,12,1,2,20,0x3695,150,1003,1152,336,0,0,0,0,0,0,0,3055,200,0,0,0,0,0,0,0,0,0,0,0,0,0,0,756,200,0,0
2251,Gioia,Gioia,Gioia,999,3000000,0,50000,300,3,46000,56000,50,50,400,300,300,500,500,600,10,12,1,2,20,0x3695,150,1003,1152,336,0,0,0,0,0,0,0,3055,200,0,0,0,0,0,0,0,0,0,0,0,0,0,0,756,200,0,0
3180,Nidhogg,Nidhogg,Nidhogg,999,3000000,0,50000,300,3,46000,56000,50,50,400,300,300,300,500,600,10,12,1,2,20,0x3695,150,1003,1152,336,0,0,0,0,0,0,0,3055,200,0,0,0,0,0,0,0,0,0,0,0,0,0,0,756,200,0,0

//----------------------------------
// Torre Sem Fim
//----------------------------------
//Nivel 1 - 5
3000,Ninja_A,Ninja Rank A,Ninja Rank A,999,4000000,0,50000,0,1,30000,35000,50,50,400,300,300,400,600,600,10,12,1,7,80,0x3695,180,624,400,240,0,0,0,0,0,0,0,0,0,0,0,0,0,0,0,0,0,0,0,0,0,0,0,0,0,0,0
3001,Ninja_A2,Ninja Rank A2,Ninja Rank A2,999,4000000,0,50000,0,1,30000,35000,50,50,400,300,300,400,600,600,10,12,1,7,80,0x3695,180,624,400,240,0,0,0,0,0,0,0,0,0,0,0,0,0,0,0,0,0,0,0,0,0,0,0,0,0,0,0
3002,MVP_A,MVP A,MVP A,999,300000000,0,50000,0,1,30000,35000,50,50,400,300,300,400,600,600,10,12,1,7,80,0x6203695,180,624,400,240,5000,0,0,0,0,0,0,0,0,0,0,0,0,0,0,0,0,0,0,0,0,0,0,0,0,0,0

//Nivel 6 - 15
3003,Ninja_S,Ninja Rank S,Ninja Rank S,999,40000000,0,50000,0,1,60000,60000,50,50,700,200,50,1000,600,200,10,12,1,7,80,0x3695,180,624,400,240,0,0,0,0,0,0,0,0,0,0,0,0,0,0,0,0,0,0,0,0,0,0,0,0,0,0,0
3004,Ninja_S2,Ninja Rank S2,Ninja Rank S2,999,10000000,0,50000,0,1,60000,60000,50,50,700,200,50,1000,600,200,10,12,1,7,80,0x3695,180,624,400,240,0,0,0,0,0,0,0,0,0,0,0,0,0,0,0,0,0,0,0,0,0,0,0,0,0,0,0
3005,MVP_S,MVP S,MVP S,999,500000000,0,50000,0,1,60000,60000,50,50,700,200,50,1500,600,200,10,12,1,7,80,0x6203695,180,624,400,240,5000,0,0,0,0,0,0,0,0,0,0,0,0,0,0,0,0,0,0,0,0,0,0,0,0,0,0
3006,MVP_S2,MVP S2,MVP S2,999,500000000,0,50000,0,1,60000,60000,50,50,700,200,50,1500,600,200,10,12,1,7,80,0x6203695,180,624,400,240,5000,0,0,0,0,0,0,0,0,0,0,0,0,0,0,0,0,0,0,0,0,0,0,0,0,0,0

//Nivel 16 - 30
3007,Ninja_SS,Ninja Rank SS,Ninja Rank SS,999,50000000,0,50000,0,1,60000,60000,50,50,700,200,50,1000,600,200,10,12,1,7,80,0x3695,180,624,400,240,0,0,0,0,0,0,0,0,0,0,0,0,0,0,0,0,0,0,0,0,0,0,0,0,0,0,0
3008,Ninja_SS2,Ninja Rank SS2,Ninja Rank SS2,999,50000000,0,50000,0,1,60000,60000,50,50,700,200,50,1000,600,200,10,12,1,7,80,0x3695,180,624,400,240,0,0,0,0,0,0,0,0,0,0,0,0,0,0,0,0,0,0,0,0,0,0,0,0,0,0,0
3009,MVP_SS,MVP SS,MVP SS,999,700000000,0,50000,0,1,60000,60000,50,50,700,200,50,1500,600,200,10,12,1,7,80,0x3695,180,624,400,240,5000,0,0,0,0,0,0,0,0,0,0,0,0,0,0,0,0,0,0,0,0,0,0,0,0,0,0
3010,MVP_SS2,MVP SS2,MVP SS2,999,700000000,0,50000,0,1,60000,60000,50,50,700,200,50,1500,600,200,10,12,1,7,80,0x6203695,180,624,400,240,5000,0,0,0,0,0,0,0,0,0,0,0,0,0,0,0,0,0,0,0,0,0,0,0,0,0,0
3011,MVP_SS3,MVP SS3,MVP SS3,999,700000000,0,50000,0,1,60000,60000,50,50,700,200,50,1500,600,200,10,12,1,7,80,0x6203695,180,624,400,240,5000,0,0,0,0,0,0,0,0,0,0,0,0,0,0,0,0,0,0,0,0,0,0,0,0,0,0

//Nivel 31 - 50
3012,Ninja_SSS,Ninja Rank SSS,Ninja Rank SSS,999,100000000,0,50000,0,1,60000,60000,70,30,700,300,50,1500,600,200,10,12,1,7,80,0x3695,180,624,400,240,0,0,0,0,0,0,0,0,0,0,0,0,0,0,0,0,0,0,0,0,0,0,0,0,0,0,0
3013,Ninja_SSS2,Ninja Rank SSS2,Ninja Rank SSS2,999,100000000,0,50000,0,1,60000,60000,70,30,700,300,50,1500,600,200,10,12,1,7,80,0x3695,180,624,400,240,0,0,0,0,0,0,0,0,0,0,0,0,0,0,0,0,0,0,0,0,0,0,0,0,0,0,0
3014,Ichibi,Base Suna,Base Suna,800,2000,0,0,0,1,0,0,0,99,1,17,1,80,126,20,10,12,2,0,89,70713376,300,1288,288,384,0,0,0,0,0,0,0,0,0,0,0,0,0,0,0,0,0,0,0,0,0,0,0,0,0,0,0
3015,Nibi,Nibi,Nibi,999,1000000000,1,100000,500,5,60000,60000,70,30,2000,300,50,3000,800,200,10,12,2,7,40,103298709,200,100,768,480,5000,0,0,0,0,0,0,0,0,0,0,0,0,0,0,0,0,0,0,0,0,0,0,0,0,0,0
3016,Sanbi,Base Nevoa,Base Nevoa,800,2000,0,0,0,1,0,0,0,99,1,17,1,80,126,20,10,12,2,0,89,70713376,300,1288,288,384,0,0,0,0,0,0,0,0,0,0,0,0,0,0,0,0,0,0,0,0,0,0,0,0,0,0,0
3017,Yonbi,Yonbi,Yonbi,999,1000000000,1,100000,500,5,60000,60000,70,30,2000,300,50,3000,800,300,10,12,2,9,80,103298709,200,100,616,288,5000,0,0,0,0,0,0,0,0,0,0,0,0,0,0,0,0,0,0,0,0,0,0,0,0,0,0
3018,Gobi,Gobi,Gobi,999,1000000000,1,100000,500,5,60000,60000,70,30,2000,300,50,3000,800,250,10,12,2,7,80,103298709,200,100,1152,336,5000,0,0,0,0,0,0,0,0,0,0,0,0,0,0,0,0,0,0,0,0,0,0,0,0,0,0
3019,Rokubi,Rokubi,Rokubi,999,1000000000,1,100000,500,5,60000,60000,70,30,2000,300,50,3000,800,200,10,12,2,7,80,103298709,200,100,576,336,5000,0,0,0,0,0,0,0,0,0,0,0,0,0,0,0,0,0,0,0,0,0,0,0,0,0,0
3020,Shichibi,Shichibi,Shichibi,999,1000000000,1,100000,500,5,60000,60000,70,30,2000,300,50,3000,800,150,10,12,2,0,40,103298709,150,100,840,432,5000,0,0,0,0,0,0,0,0,0,0,0,0,0,0,0,0,0,0,0,0,0,0,0,0,0,0
3021,Hachibi,Hachibi,Hachibi,999,1000000000,1,100000,500,5,60000,60000,70,30,2000,300,50,3000,800,200,10,12,2,7,80,103298709,200,100,360,360,5000,0,0,0,0,0,0,0,0,0,0,0,0,0,0,0,0,0,0,0,0,0,0,0,0,0,0
3022,Kyuubi,Base Konoha,Base Konoha,800,2000,0,0,0,1,0,0,0,99,1,17,1,80,126,20,10,12,2,0,89,70713376,300,1288,288,384,0,0,0,0,0,0,0,0,0,0,0,0,0,0,0,0,0,0,0,0,0,0,0,0,0,0,0
3023,Juubi,Base Akatsuki,Base Akatsuki,800,2000,0,0,0,1,0,0,0,99,1,17,1,80,126,20,10,12,2,0,89,70713376,300,1288,288,384,0,0,0,0,0,0,0,0,0,0,0,0,0,0,0,0,0,0,0,0,0,0,0,0,0,0,0

// MVPs 2019
// Rank S
3576,ITACHI,Uchiha Itachi,Uchiha Itachi,999,50000000,0,50000,0,1,32000,32000,60,30,800,200,50,999,900,200,10,12,1,7,80,103298709,180,125,135,135,5000,0,0,0,0,0,0,0,0,0,0,0,0,0,0,0,0,0,0,0,0,3052,750,781,750,0,0
3577,JIRAIYA,Jiraiya,Jiraiya,999,50000000,0,50000,0,1,32000,32000,60,30,800,200,50,999,900,200,10,12,1,7,80,103298709,180,125,135,135,5000,0,0,0,0,0,0,0,0,0,0,0,0,0,0,0,0,0,0,0,0,3052,750,781,750,0,0
3580,KISAME,Kisame,Kisame,999,50000000,0,50000,0,1,32000,32000,60,30,800,200,50,999,900,200,10,12,1,7,80,103298709,180,125,135,135,5000,0,0,0,0,0,0,0,0,0,0,0,0,0,0,0,0,0,0,0,0,3052,750,781,750,0,0
3581,KONAN,Konan,Konan,999,50000000,0,50000,0,1,32000,32000,60,30,800,200,50,999,900,200,10,12,1,7,80,103298709,180,125,135,135,5000,0,0,0,0,0,0,0,0,0,0,0,0,0,0,0,0,0,0,0,0,3052,750,781,750,0,0
3598,YAHIKO,Yahiko,Yahiko,999,99999000,0,50000,0,1,32000,32000,60,30,800,200,50,999,900,200,10,12,1,7,80,103298709,180,125,135,135,5000,0,0,0,0,0,0,0,0,0,0,0,0,0,0,0,0,0,0,0,0,3052,750,781,750,0,0

// ----------------------- World Boss -----------------------
1002,Orochimaru,Orochimaru,Orochimaru,999,15000000000,1,100000,500,2,60000,60000,50,50,700,200,50,1000,600,200,12,12,2,7,80,0x6203695,150,523,360,360,2500,0,0,0,0,0,0,0,0,0,0,0,0,0,0,0,0,0,0,0,0,0,0,3058,10000,0,0
3582,MADARA,Uchiha Madara,Uchiha Madara,999,55000000000,0,100000,0,1,32000,32000,60,30,800,200,50,999,900,200,10,12,1,7,80,103298709,180,125,135,135,5000,0,0,0,0,0,0,0,0,0,0,0,0,0,0,734,10000,734,10000,8002,10000,8002,10000,3058,10000,0,0
3583,MINATO,Namikaze Minato,Namikaze Minato,999,15000000000,0,100000,0,1,32000,32000,60,30,800,200,50,999,900,200,10,12,1,7,80,103298709,180,125,135,135,5000,0,0,0,0,0,0,0,0,0,0,0,0,0,0,0,0,0,0,0,0,0,0,3058,10000,0,0

// Raid Torneio Chunin
3571,CHOUJI,Chouji,Chouji,999,100000000,0,100000,0,1,25000,25000,60,30,800,200,50,999,900,200,10,12,1,7,80,103298709,180,125,135,135,5000,0,0,0,0,0,0,0,0,0,0,0,0,0,0,0,0,0,0,0,0,0,0,0,0,0,0
3588,ROCKLEE,Rock Lee,Rock Lee,999,150000000,0,100000,0,1,32000,32000,60,30,800,200,50,999,900,200,10,12,1,7,80,103298709,120,100,100,100,5000,0,0,0,0,0,0,0,0,0,0,0,0,0,0,0,0,0,0,0,0,0,0,0,0,0,0
3593,SASUKEJUIN,Uchiha Sasuke,Uchiha Sasuke,999,200000000,0,100000,0,1,32000,32000,60,30,800,200,50,999,900,200,10,12,1,7,80,103298709,120,100,100,100,5000,0,0,0,0,0,0,0,0,0,0,0,0,0,0,0,0,0,0,0,0,0,0,0,0,0,0

// Quest Nukenin/Sannin
3700,Jounin,Jounin,Jounin,999,1000000,0,50000,300,1,46000,56000,50,50,400,300,300,400,500,600,10,12,1,2,20,0x79F,170,76,200,288,0,0,0,0,0,0,0,0,0,0,0,0,0,0,0,0,0,0,0,0,0,0,0,0,0,0,0
3701,Anbu,Anbu,Anbu,999,1300000,0,50000,300,1,46000,56000,60,50,400,300,300,400,800,600,10,12,1,2,20,0x3695,180,76,400,288,0,0,0,0,0,0,0,0,0,0,0,0,0,0,0,0,0,0,0,0,0,0,0,0,0,0,0
3702,Capitao_Anbu,Capitão Anbu,Capitão Anbu,999,1300000,0,50000,300,1,46000,56000,60,50,450,300,300,450,500,600,10,12,1,2,20,0x3695,165,1543,400,480,0,0,0,0,0,0,0,0,0,0,0,0,0,0,0,0,0,0,0,0,0,0,0,0,0,0,0
3703,NUKENIN_ASSASSINO,Nukenin Rank A,Nukenin Rank A,999,100000000,0,0,0,2,25189,26289,50,60,2100,50,100,950,3000,3000,15,20,1,7,66,0x6283695,150,10,1152,700,0,0,0,0,0,0,0,0,0,0,0,0,0,0,0,0,0,0,0,0,0,0,0,0,0,0,0
3704,NUKENIN_ASSASSINO,Nukenin Rank S,Nukenin Rank S,999,200000000,0,0,0,6,25189,26289,50,60,2300,50,100,1150,3000,3000,15,20,1,7,66,0x6283695,100,10,1152,700,0,0,0,0,0,0,0,0,0,0,0,0,0,0,0,0,0,0,0,0,0,0,0,0,0,0,0
3705,NUKENIN_ASSASSINO,Nukenin Rank SS,Nukenin Rank SS,999,1000000000,0,0,0,9,28189,29289,50,60,2700,50,100,1350,3000,5000,15,20,1,7,66,0x6283695,75,10,1152,700,0,0,0,0,0,0,0,0,0,0,0,0,0,0,0,0,0,0,0,0,0,0,0,0,0,0,0


// Raid Orc 
3709,Salamandra,Salamandra,Salamandra,999,75000000,0,0,0,1,31000,32000,65,60,1200,100,1,900,2000,600,10,12,2,0,26,0x89,160,140,384,288,0,0,0,0,0,0,0,0,0,0,0,0,0,0,0,0,0,0,0,0,0,0,0,0,0,0,0
3710,Gama-Bunta,Gama-Bunta,Gama-Bunta,999,90000000,1300000,0,0,5,40000,40000,50,50,600,600,600,885,600,600,10,12,2,2,40,0x9D,250,1500,672,480,0,0,0,0,0,0,0,0,0,0,0,0,0,0,0,0,0,0,0,0,0,0,0,0,0,0,0


